38 38 100
d
1 15
$
38 39 100
w
1 15
$
38 40 100
w
1 15
$
39 38 100
d
1 15
$
39 40 201
1 70
4 1
$
40 38 100
d
1 15
$
41 38 100
d
1 15
$
42 34 40
1001 0 -4 0
1 100
1003 4
$
42 35 100
w
1 15
$
42 36 451
9 800
6 58
3 23
4 12
2 2
$
42 39 100
w
1 15
$
42 40 100
w
1 15
$
42 41 100
w
1 15
$
42 42 100
w
1 15
$
43 42 100
a
1 15
$
44 39 100
w
1 15
$
44 42 100
a
1 15
$
45 33 100
s
1 15
$
45 34 100
s
1 15
$
45 35 100
s
1 15
$
45 36 100
a
1 15
$
45 39 100
a
1 15
$
45 42 100
a
1 15
$
46 33 201
1 70
6 1
$
46 34 201
1 70
$
46 35 201
1 70
$
46 36 100
a
1 15
$
46 39 100
a
1 15
$
46 42 100
a
1 15
$
47 33 201
1 70
6 1
$
47 34 201
1 70
6 1
$
47 35 201
1 70
$
47 36 100
a
1 15
$
47 39 100
a
1 15
$
47 42 100
a
1 15
$
48 33 100
s
1 15
$
48 34 100
s
1 15
$
48 35 100
s
1 15
$
48 36 100
a
1 15
$
48 38 201
1 70
3 1
$
48 39 100
a
1 15
$
48 41 201
1 70
2 1
$
48 42 100
a
1 15
$
48 48 11
16 900
$
49 38 201
1 70
3 1
$
49 39 100
a
1 15
$
&