1001 w 0 0 21 1040 838
$
1001 w 0 0 21 1552 838
$
1001 a 3 0 22 966 976
$
1001 a 3 0 22 966 1040
$
1001 a 3 0 22 966 1104
$
6 s 0 0 23 1520 1894
$
6 s 1 0 23 1520 1968
$
6 s 2 0 28 1520 2010
$
6 s 2 0 28 1520 2010
$
6 a 4 0 28 1530 2000
$
6 a 4 0 22 1562 2000
$
6 s 0 0 33 1968 2054
$
6 a 4 0 22 1530 2096
$
6 a 1 0 22 1488 2096
$
1001 a 3 0 22 966 2192
$
4 s 1 0 28 1776 2224
$
4 s 0 0 23 1808 2182
$
4 s 2 0 23 1808 2170
$
4 a 4 0 22 1850 2160
$
1001 a 3 0 22 966 2256
$
6 s 0 0 23 2064 2246
$
6 d 1 0 24 2096 2288
$
6 s 0 0 24 2128 2310
$
1001 a 3 0 22 966 2320
$
6 w 2 0 24 1168 2266
$
6 d 3 0 24 1190 2256
$
6 w 2 0 24 1232 2266
$
6 s 2 0 23 2128 2298
$
6 s 0 0 23 2160 2342
$
6 d 3 0 24 1094 2288
$
6 w 0 0 21 1232 2278
$
6 a 4 0 21 2074 2384
$
1001 a 3 0 22 966 2384
$
1001 s 2 0 23 1072 2458
$
1001 s 2 0 23 1136 2458
$
1001 s 2 0 23 1200 2458
$
1001 s 2 0 23 1264 2458
$
1001 s 2 0 23 1328 2458
$
1001 s 2 0 23 1520 2458
$
1001 s 2 0 23 1648 2458
$
1001 s 2 0 23 2032 2458
$
1001 w 0 0 21 1040 838
$
1001 w 0 0 21 1360 838
$
1001 w 0 0 21 1424 838
$
1001 w 0 0 21 1936 838
$
1001 s 2 0 28 2128 858
$
1001 d 4 0 24 2234 976
$
1001 a 3 0 22 966 1040
$
1001 a 3 0 22 966 1104
$
1001 a 3 0 22 966 1808
$
1001 a 3 0 22 966 1872
$
1001 a 3 0 22 966 1936
$
1001 a 3 0 22 966 2064
$
1001 a 3 0 22 966 2128
$
1001 d 4 0 24 2234 2128
$
1001 a 3 0 22 966 2256
$
1001 a 3 0 22 966 2320
$
1001 a 3 0 22 966 2384
$
1001 s 2 0 23 1072 2458
$
1001 s 2 0 23 1200 2458
$
1001 s 2 0 23 1264 2458
$
1001 s 2 0 23 1328 2458
$
1001 s 2 0 23 1520 2458
$
1001 s 2 0 23 1584 2458
$
1001 s 2 0 23 1648 2458
$
1001 s 2 0 28 1808 2458
$
1001 s 2 0 23 1968 2458
$
1001 s 2 0 23 2032 2458
$
1001 w 0 0 21 1488 838
$
1001 w 0 0 21 1552 838
$
1001 a 3 0 22 966 976
$
1001 a 3 0 22 966 2000
$
1001 a 3 0 22 966 2192
$
1001 s 2 0 23 1136 2458
$
1001 s 2 0 28 1392 2458
$
1001 s 2 0 23 1904 2458
$
1001 w 0 0 21 1360 838
$
1001 w 0 0 21 1424 838
$
1001 w 0 0 21 1488 838
$
1001 w 0 0 21 1936 838
$
1001 d 4 0 24 2234 976
$
1001 a 3 0 22 2150 1232
$
1001 a 3 0 22 966 1808
$
1001 a 3 0 22 966 1872
$
1001 a 3 0 22 966 1936
$
1001 a 3 0 22 966 2000
$
1001 a 3 0 22 966 2064
$
1001 a 3 0 22 966 2128
$
1001 s 2 0 28 1392 2458
$
1001 s 2 0 23 1584 2458
$
1001 s 2 0 28 1808 2458
$
1001 s 2 0 23 1904 2458
$
1001 s 2 0 23 1968 2458
$
1001 a 3 0 22 966 2448
$
1001 a 3 0 22 2150 1232
$
1001 d 4 0 24 2234 2128
$
1001 a 3 0 22 966 2448
$
6 s 2 0 23 1520 1882
$
6 s 0 0 23 1520 1958
$
6 s 2 0 28 1520 2010
$
6 s 2 0 28 1520 2010
$
6 a 3 0 22 1542 2000
$
6 a 3 0 22 1574 2000
$
6 s 0 0 33 1968 2054
$
6 a 3 0 22 1542 2096
$
6 a 4 0 22 1498 2096
$
4 a 4 0 28 1786 2224
$
4 s 1 0 23 1808 2160
$
4 a 4 0 23 1818 2160
$
4 a 3 0 22 1862 2160
$
6 s 2 0 23 2064 2234
$
6 d 3 0 24 2086 2288
$
6 s 1 0 23 2128 2288
$
6 w 0 0 21 1168 2278
$
6 d 4 0 24 1178 2256
$
6 w 1 0 21 1232 2288
$
6 s 2 0 23 2160 2330
$
6 d 4 0 24 1082 2288
$
6 a 4 0 22 2138 2384
$
1001 w 0 0 21 1040 838
$
1001 w 0 0 21 1552 838
$
1001 s 2 0 28 2064 858
$
1001 s 2 0 28 2128 858
$
1001 a 3 0 22 966 976
$
1001 a 3 0 22 966 1040
$
1001 a 3 0 22 966 1104
$
1001 a 3 0 22 966 2192
$
1001 a 3 0 22 966 2256
$
1001 a 3 0 22 966 2320
$
1001 a 3 0 22 966 2384
$
1001 s 2 0 23 1072 2458
$
1001 s 2 0 23 1136 2458
$
1001 s 2 0 23 1200 2458
$
1001 s 2 0 23 1264 2458
$
1001 s 2 0 23 1328 2458
$
1001 s 2 0 23 1520 2458
$
1001 s 2 0 23 1648 2458
$
1001 s 2 0 23 2032 2458
$
1001 w 0 0 21 1360 838
$
1001 w 0 0 21 1424 838
$
1001 w 0 0 21 1488 838
$
1001 w 0 0 21 1936 838
$
1001 d 4 0 24 2234 976
$
1001 a 3 0 22 966 1808
$
1001 a 3 0 22 966 1872
$
1001 a 3 0 22 966 1936
$
1001 a 3 0 22 966 2000
$
1001 a 3 0 22 966 2064
$
1001 a 3 0 22 966 2128
$
1001 d 4 0 24 2234 2128
$
1001 s 2 0 28 1392 2458
$
1001 s 2 0 23 1584 2458
$
1001 s 2 0 28 1808 2458
$
1001 s 2 0 23 1904 2458
$
1001 s 2 0 23 1968 2458
$
1001 a 3 0 22 2150 1232
$
1001 a 3 0 22 966 2448
$
6 s 1 0 23 1520 1872
$
6 s 2 0 23 1520 1946
$
6 s 2 0 28 1520 2010
$
6 s 2 0 28 1520 2010
$
6 a 1 0 22 1552 2000
$
6 a 1 0 22 1584 2000
$
6 a 1 0 22 1552 2096
$
6 a 3 0 22 1510 2096
$
6 a 1 0 22 1520 2096
$
4 a 3 0 22 1798 2224
$
4 a 3 0 22 1830 2160
$
4 a 1 0 22 1840 2160
$
4 a 4 0 22 1914 2160
$
6 s 1 0 23 2064 2224
$
6 d 4 0 24 2074 2288
$
6 w 1 0 21 1168 2288
$
6 d 1 0 24 1168 2256
$
6 d 3 0 23 2118 2288
$
6 s 1 0 23 2160 2320
$
6 d 1 0 24 1072 2288
$
6 w 2 0 21 1232 2298
$
6 a 3 0 22 2150 2384
$
6 d 3 0 23 1510 1872
$
6 s 1 0 23 1520 1936
$
6 s 2 0 28 1520 2010
$
6 s 1 0 28 1520 2000
$
6 a 4 0 22 1562 2000
$
6 a 4 0 22 1594 2000
$
6 s 0 0 33 1968 2054
$
6 s 0 0 22 1552 2086
$
6 a 4 0 22 1530 2096
$
4 a 1 0 22 1808 2224
$
4 a 4 0 22 1850 2160
$
3 s 1 0 23 1712 2288
$
4 a 3 0 22 1862 2160
$
4 a 3 0 22 1926 2160
$
6 d 3 0 23 2054 2224
$
6 d 1 0 24 2064 2288
$
6 d 4 0 24 2106 2288
$
6 d 3 0 21 1158 2288
$
6 w 2 0 24 1168 2266
$
6 w 0 0 21 1232 2310
$
6 d 3 0 23 2150 2320
$
6 w 2 0 24 1072 2298
$
6 a 3 0 22 2150 2384
$
1001 a 3 0 22 966 2448
$
6 s 0 0 28 1520 1990
$
6 s 0 0 33 1968 2054
$
4 a 1 0 22 1872 2160
$
4 s 2 0 28 1840 2266
$
6 d 1 0 24 2096 2288
$
6 d 4 0 24 1146 2288
$
6 a 1 0 22 2160 2384
$
6 a 3 0 22 2054 2352
$
1001 a 3 0 22 966 2448
$
1001 d 4 0 24 1210 1904
$
6 s 0 0 23 1520 1926
$
6 s 0 0 28 1520 1990
$
6 a 4 0 28 1530 2000
$
6 s 2 0 28 1968 2042
$
6 s 2 0 28 1968 2042
$
6 a 4 0 22 1466 2096
$
4 s 0 0 22 1808 2214
$
4 a 4 0 22 1882 2160
$
3 s 0 0 23 1712 2278
$
4 a 1 0 22 1936 2160
$
6 s 0 0 24 2064 2278
$
6 d 1 0 24 1136 2288
$
6 d 4 0 24 2138 2320
$
6 w 0 0 21 1072 2310
$
6 w 1 0 21 1232 2320
$
6 a 1 0 22 2160 2384
$
6 s 0 0 23 1520 1926
$
6 s 0 0 28 1520 1990
$
6 s 1 0 28 1968 2032
$
6 a 4 0 28 1530 2000
$
6 s 2 0 28 1968 2042
$
6 s 0 0 28 1968 2022
$
6 a 3 0 22 1478 2096
$
4 s 0 0 22 1808 2214
$
4 a 4 0 22 1882 2160
$
3 s 2 0 23 1712 2266
$
4 w 2 0 22 1872 2170
$
4 w 2 0 22 1936 2170
$
6 s 2 0 23 2064 2266
$
6 d 3 0 24 1126 2288
$
6 w 2 0 21 1232 2330
$
6 d 1 0 24 2128 2320
$
6 w 1 0 21 1072 2320
$
6 a 1 0 22 2064 2352
$
1001 d 4 0 24 2234 2320
$
1001 a 3 0 22 966 2448
$
6 s 2 0 23 1520 1978
$
4 a 4 0 22 1882 2160
$
4 s 2 0 28 1840 2266
$
6 d 3 0 24 2086 2288
$
6 d 4 0 24 1114 2288
$
6 s 0 0 22 2160 2374
$
6 w 2 0 22 2064 2362
$
1001 d 4 0 24 2234 2320
$
6 s 2 0 23 1520 1914
$
6 s 0 0 28 1520 1990
$
6 a 4 0 28 1530 2000
$
6 s 0 0 28 1968 2022
$
6 s 0 0 28 1968 2022
$
4 s 2 0 23 1808 2202
$
4 a 4 0 22 1882 2160
$
3 s 1 0 23 1712 2256
$
6 s 1 0 23 2064 2256
$
6 w 2 0 21 1072 2330
$
6 s 0 0 24 2128 2310
$
6 w 0 0 21 1072 2342
$
6 w 0 0 21 1232 2342
$
6 s 0 0 22 2160 2374
$
1001 a 3 0 22 966 2448
$
6 s 2 0 23 1520 1914
$
4 s 2 0 23 1808 2202
$
4 a 3 0 22 1894 2160
$
4 s 2 0 28 1840 2266
$
6 d 4 0 24 2074 2288
$
6 d 1 0 24 1104 2288
$
6 w 2 0 22 2064 2362
$
1001 d 4 0 24 2234 2320
$
6 s 1 0 23 1520 1904
$
6 s 2 0 23 1520 1978
$
6 a 4 0 28 1530 2000
$
6 s 0 0 28 1968 2022
$
6 s 2 0 23 1968 2010
$
4 s 1 0 23 1808 2192
$
3 s 0 0 23 1712 2246
$
6 s 0 0 23 2064 2246
$
6 d 3 0 24 1094 2288
$
6 s 2 0 23 2160 2362
$
6 w 0 0 21 2064 2374
$
1001 d 1 0 24 2224 2320
$
4 w 2 0 22 1872 2170
$
4 a 1 0 22 1904 2160
$
3 s 2 0 28 1712 2234
$
6 w 1 0 21 2064 2384
$
1001 a 1 0 22 976 2448
$
4 a 4 0 22 1914 2160
$
6 d 3 0 24 1094 2288
$
6 a 4 0 21 2074 2384
$
3 s 1 0 28 1712 2224
$
6 a 3 0 22 2086 2384
$
6 a 1 0 22 2096 2384
$
6 a 4 0 22 2106 2384
$
1001 a 4 0 22 986 2448
$
1 w 0 0 21 1680 1990
$
1 w 0 0 21 1680 1990
$
1 w 0 0 21 1680 1990
$
1 w 0 0 21 1680 1990
$
1001 w 0 0 21 1040 838
$
1001 a 3 0 22 966 1040
$
6 d 4 0 24 1498 1872
$
6 s 0 0 23 1520 1894
$
6 s 1 0 23 1520 1968
$
6 s 2 0 23 1968 2010
$
6 a 3 0 22 1542 2000
$
6 a 3 0 22 1574 2000
$
6 a 3 0 22 1606 2000
$
6 s 1 0 23 1968 2000
$
6 s 1 0 23 1968 2000
$
6 s 2 0 23 1552 2074
$
6 a 1 0 22 1488 2096
$
6 a 3 0 22 1542 2096
$
1001 a 3 0 22 966 2192
$
4 s 0 0 23 1808 2182
$
4 a 3 0 22 1894 2160
$
3 s 0 0 28 1712 2214
$
4 w 2 0 22 1872 2170
$
4 w 0 0 21 1936 2182
$
6 d 4 0 24 2042 2224
$
6 s 2 0 23 2064 2234
$
1001 d 3 0 24 2214 2320
$
6 d 1 0 24 2064 2288
$
6 w 2 0 24 1104 2298
$
6 w 0 0 21 1168 2278
$
6 w 1 0 21 1232 2352
$
6 w 2 0 24 2064 2298
$
6 s 2 0 23 2128 2298
$
6 w 1 0 21 1072 2352
$
6 d 3 0 21 1222 2352
$
6 s 1 0 23 2160 2352
$
1001 a 3 0 22 998 2448
$
1001 s 2 0 23 1136 2458
$
1001 s 2 0 23 1200 2458
$
1001 s 2 0 23 1328 2458
$
1001 s 2 0 23 1584 2458
$
1001 s 2 0 23 1648 2458
$
1001 s 2 0 23 1904 2458
$
1001 s 2 0 23 2032 2458
$
1001 w 0 0 21 1360 838
$
1001 w 0 0 21 1936 838
$
1001 w 0 0 21 2192 838
$
1001 d 4 0 24 2234 976
$
1001 a 3 0 22 966 1104
$
1001 a 3 0 22 966 2128
$
1001 a 3 0 22 966 2256
$
1001 a 3 0 22 966 2320
$
1001 s 2 0 23 1072 2458
$
1001 s 2 0 23 1264 2458
$
1001 s 2 0 23 1520 2458
$
1001 s 2 0 23 1968 2458
$
1001 w 0 0 21 1040 838
$
1001 w 0 0 21 1360 838
$
1001 w 0 0 21 2000 838
$
1001 w 0 0 21 2192 838
$
1001 d 4 0 24 2234 976
$
1001 a 3 0 22 966 1040
$
1001 a 3 0 22 966 1104
$
1001 a 3 0 22 966 1232
$
1001 a 3 0 22 966 1296
$
1001 a 3 0 22 966 1360
$
1001 a 3 0 22 966 1424
$
1001 a 3 0 22 966 1488
$
1001 d 4 0 24 2234 1552
$
1001 a 3 0 22 966 2128
$
1001 a 3 0 22 966 2192
$
1001 a 3 0 22 966 2256
$
1001 d 4 0 24 2202 2320
$
1001 a 3 0 22 966 2320
$
1001 s 2 0 23 1136 2458
$
1001 s 2 0 23 1200 2458
$
1001 s 2 0 23 1328 2458
$
1001 s 2 0 23 1520 2458
$
1001 s 2 0 23 1648 2458
$
1001 s 2 0 23 2032 2458
$
1001 w 0 0 21 1872 838
$
1001 w 0 0 21 1936 838
$
1001 a 3 0 22 966 1168
$
1001 d 4 0 24 2234 1488
$
1001 d 4 0 24 2234 1680
$
1001 s 2 0 23 1072 2458
$
1001 s 2 0 23 1264 2458
$
1001 s 2 0 23 1584 2458
$
1001 s 2 0 23 1904 2458
$
1001 s 2 0 23 1968 2458
$
1001 a 3 0 22 966 2000
$
1001 a 3 0 22 1574 1168
$
6 d 1 0 24 1488 1872
$
6 s 2 0 23 1520 1882
$
6 s 1 0 23 1520 1968
$
6 s 1 0 23 1968 2000
$
6 a 1 0 22 1552 2000
$
6 a 1 0 22 1584 2000
$
6 a 1 0 22 1616 2000
$
6 a 4 0 23 1978 2000
$
6 s 1 0 23 1552 2064
$
6 a 1 0 22 1488 2096
$
6 a 4 0 22 1498 2096
$
6 a 1 0 22 1552 2096
$
4 s 2 0 23 1808 2170
$
4 a 1 0 22 1904 2160
$
3 s 2 0 28 1712 2202
$
4 w 1 0 21 1936 2192
$
6 d 1 0 24 2032 2224
$
6 s 1 0 23 2064 2224
$
6 w 2 0 24 1104 2298
$
6 w 1 0 21 1168 2288
$
6 d 4 0 24 1210 2352
$
6 w 2 0 24 2064 2298
$
6 s 1 0 23 2128 2288
$
6 s 0 0 23 2160 2342
$
1001 a 3 0 22 966 1808
$
6 s 1 0 23 1520 1904
$
4 s 1 0 23 1808 2192
$
4 w 0 0 21 1872 2182
$
6 s 0 0 24 2064 2278
$
6 d 4 0 24 1082 2288
$
6 s 2 0 23 2160 2330
$
6 a 3 0 22 2118 2384
$
1001 a 1 0 22 1008 2448
$
6 a 4 0 23 1978 2000
$
4 w 1 0 21 1872 2192
$
4 a 3 0 22 1926 2160
$
6 a 4 0 21 1082 2352
$
6 a 1 0 22 2128 2384
$
1001 a 3 0 22 966 2384
$
4 s 2 0 28 1840 2266
$
1001 a 3 0 22 966 1936
$
4 a 3 0 22 1382 2192
$
4 a 3 0 22 1382 2192
$
1001 a 3 0 22 966 1872
$
4 a 1 0 22 1392 2192
$
1001 w 0 0 21 1488 838
$
4 a 1 0 22 1392 2192
$
1 w 1 0 21 1680 2000
$
1 a 4 0 21 1690 2000
$
4 a 4 0 22 1402 2192
$
1001 w 0 0 21 1552 838
$
1001 a 3 0 22 966 2064
$
1001 w 0 0 21 1424 838
$
1 a 3 0 22 1702 2000
$
1 a 1 0 22 1712 2000
$
4 a 4 0 22 1402 2192
$
1 w 0 0 26 2096 1670
$
1 w 0 0 26 2096 1670
$
4 a 3 0 22 1414 2192
$
1 w 0 0 26 2096 1670
$
1 w 1 0 26 2096 1680
$
1 w 1 0 26 2096 1680
$
1 w 2 0 26 2096 1690
$
1 w 2 1 26 2096 1690
$
1 w 0 0 26 2096 1702
$
1 d 1 0 24 2064 2096
$
1 w 0 0 26 2096 1702
$
4 a 1 0 22 1424 2192
$
1 w 0 0 26 2096 1702
$
1 w 0 0 26 2096 1702
$
1 w 1 0 26 2096 1712
$
1 w 1 0 26 2096 1712
$
1001 w 0 0 21 1040 838
$
1001 w 0 0 21 2000 838
$
1001 d 4 0 24 2234 912
$
1001 a 3 0 22 966 1040
$
1001 a 3 0 22 966 1168
$
1001 a 3 0 22 966 1296
$
1001 a 3 0 22 966 1424
$
1001 a 3 0 22 966 1488
$
1001 d 4 0 24 2234 1488
$
1001 d 4 0 24 2234 1552
$
1001 d 4 0 24 2234 1680
$
6 d 3 0 24 1478 1872
$
6 s 1 0 23 1520 1872
$
6 s 0 0 23 1520 1958
$
6 s 0 0 23 1968 1990
$
6 a 4 0 22 1562 2000
$
6 a 4 0 22 1594 2000
$
6 a 4 0 22 1626 2000
$
1 s 0 0 22 1712 1990
$
1 a 4 0 22 1722 2000
$
6 s 0 0 23 1968 1990
$
6 a 4 0 23 1978 2000
$
6 s 0 0 23 1552 2054
$
6 a 1 0 22 1488 2096
$
6 a 3 0 22 1510 2096
$
6 a 4 0 22 1562 2096
$
4 s 1 0 23 1808 2160
$
4 w 2 0 22 1904 2170
$
4 a 4 0 22 1434 2192
$
4 a 4 0 22 1434 2192
$
3 s 1 0 28 1712 2192
$
4 w 2 0 21 1872 2202
$
4 w 2 0 21 1936 2202
$
6 d 3 0 24 2022 2224
$
6 d 3 0 23 2054 2224
$
1001 d 1 0 24 2192 2320
$
6 d 3 0 24 2054 2288
$
1001 a 3 0 22 966 2320
$
6 w 2 0 24 1104 2298
$
6 d 3 0 21 1158 2288
$
6 d 1 0 24 1200 2352
$
6 w 2 0 24 2064 2298
$
6 d 3 0 23 2118 2288
$
6 a 3 0 22 1094 2352
$
6 d 3 0 24 1190 2352
$
6 s 1 0 23 2160 2320
$
1001 s 0 0 22 1008 2438
$
1001 s 2 0 23 1072 2458
$
1001 s 2 0 23 1136 2458
$
1001 s 2 0 23 1200 2458
$
1001 s 2 0 23 1328 2458
$
1001 s 2 0 23 1584 2458
$
1001 s 2 0 23 1648 2458
$
1001 s 2 0 23 2032 2458
$
1001 w 0 0 21 1360 838
$
1001 w 0 0 21 1424 838
$
1001 w 0 0 21 1808 838
$
1001 w 0 0 21 1872 838
$
1001 w 0 0 21 1936 838
$
1001 w 0 0 21 2192 838
$
1001 d 4 0 24 2234 976
$
1001 a 3 0 22 966 1104
$
1001 a 3 0 22 966 1232
$
1001 a 3 0 22 966 1360
$
1001 s 2 0 23 1264 2458
$
1001 s 2 0 23 1968 2458
$
1001 w 0 0 21 1040 838
$
1001 w 0 0 21 1104 838
$
1001 w 0 0 21 1808 838
$
1001 w 0 0 21 2000 838
$
1001 w 1 0 21 2192 848
$
1001 d 4 0 24 2234 976
$
1001 a 3 0 22 966 1040
$
1001 a 3 0 22 966 1104
$
1001 a 3 0 22 966 1296
$
1001 a 3 0 22 966 1360
$
1001 a 3 0 22 966 1424
$
1001 d 4 0 24 2234 1424
$
1001 d 4 0 24 2234 1552
$
1001 d 4 0 24 2234 1680
$
1001 d 4 0 24 2234 1744
$
1001 a 3 0 22 966 1936
$
1001 s 0 0 24 2192 2310
$
1001 a 3 0 22 966 2320
$
1001 a 3 0 22 966 2384
$
1001 s 2 0 23 1136 2458
$
1001 s 2 0 23 1200 2458
$
1001 s 2 0 23 1328 2458
$
1001 s 2 0 23 1648 2458
$
1001 s 2 0 23 1968 2458
$
1001 s 2 0 23 2032 2458
$
1001 w 0 0 21 1168 838
$
1001 w 0 0 21 1232 838
$
1001 w 0 0 21 1296 838
$
1001 w 0 0 21 1360 838
$
1001 w 0 0 21 1872 838
$
1001 w 0 0 21 1936 838
$
1001 d 4 0 24 2234 912
$
1001 a 3 0 22 966 1168
$
1001 a 3 0 22 966 1232
$
1001 a 3 0 22 966 1488
$
1001 d 4 0 24 2234 1488
$
1001 d 4 0 24 2234 1808
$
1001 d 4 0 24 2234 1872
$
1001 s 2 0 23 1008 2426
$
1001 s 2 0 23 1072 2458
$
1001 s 2 0 23 1264 2458
$
1001 s 2 0 23 1584 2458
$
1001 a 3 0 22 966 2064
$
6 d 4 0 24 1466 1872
$
6 d 3 0 23 1510 1872
$
6 s 2 0 23 1520 1946
$
6 a 3 0 22 1574 2000
$
6 a 3 0 22 1606 2000
$
6 a 3 0 22 1638 2000
$
1 a 4 0 22 1722 2000
$
6 s 2 0 23 1968 1978
$
6 a 1 0 22 2000 2000
$
6 s 2 0 23 1552 2042
$
6 a 4 0 22 1498 2096
$
6 a 4 0 22 1562 2096
$
4 a 4 0 23 1818 2160
$
4 w 2 0 22 1904 2170
$
4 a 3 0 22 1446 2192
$
3 a 4 0 28 1722 2192
$
4 w 2 0 21 1872 2202
$
4 w 0 0 21 1936 2214
$
6 d 4 0 24 2010 2224
$
6 d 4 0 24 2042 2224
$
6 d 3 0 24 2054 2288
$
6 d 1 0 24 1072 2288
$
6 d 4 0 24 1146 2288
$
6 d 4 0 24 2106 2288
$
6 a 1 0 22 1104 2352
$
6 d 3 0 24 1190 2352
$
6 s 0 0 22 2128 2374
$
1001 a 3 0 22 966 2000
$
6 d 4 0 24 1498 1872
$
6 a 1 0 22 1520 2096
$
4 a 3 0 22 1830 2160
$
4 a 4 0 21 1882 2192
$
4 a 3 0 22 1446 2192
$
4 s 2 0 28 1840 2266
$
6 s 0 0 24 2064 2278
$
6 s 0 0 22 1104 2342
$
6 d 3 0 23 2150 2320
$
6 a 4 0 22 2138 2384
$
1001 a 3 0 22 966 1808
$
1001 a 3 0 22 1574 1168
$
6 d 3 0 23 1510 1904
$
6 a 3 0 22 1990 2000
$
4 a 4 0 23 1818 2192
$
4 a 1 0 22 1936 2160
$
1001 a 3 0 22 966 2256
$
4 d 3 0 21 1862 2192
$
4 a 1 0 22 1456 2192
$
1001 a 3 0 22 966 1872
$
4 a 4 0 22 1466 2192
$
1 w 2 0 26 2096 1722
$
1 w 2 0 26 2096 1722
$
1001 w 0 0 21 1552 838
$
1001 a 3 0 22 966 2192
$
1001 a 3 0 22 966 2128
$
1 w 2 0 26 2096 1722
$
1001 w 1 0 21 1040 848
$
1001 w 0 0 21 1168 838
$
1001 w 0 0 21 1232 838
$
1001 w 0 0 21 2000 838
$
1001 d 4 0 24 2234 912
$
1001 a 1 0 22 976 1040
$
1001 a 3 0 22 966 1168
$
1001 a 3 0 22 966 1296
$
1001 a 3 0 22 966 1424
$
1001 d 4 0 24 2234 1424
$
1001 d 4 0 24 2234 1488
$
1001 d 4 0 24 2234 1552
$
1001 d 4 0 24 2234 1680
$
1001 d 4 0 24 2234 1744
$
6 d 1 0 24 1456 1872
$
6 d 1 0 24 1488 1872
$
6 s 1 0 23 1520 1936
$
6 s 2 0 23 1968 1978
$
6 a 1 0 22 1584 2000
$
6 a 1 0 22 1616 2000
$
6 a 1 0 22 1648 2000
$
1 s 0 0 22 1712 1990
$
1 a 3 0 22 1734 2000
$
6 s 1 0 23 1968 1968
$
6 a 4 0 22 2010 2000
$
6 s 1 0 23 1552 2032
$
6 a 3 0 22 1510 2096
$
6 a 1 0 22 1520 2096
$
6 a 4 0 22 1530 2096
$
6 a 3 0 22 1574 2096
$
4 a 1 0 22 1840 2160
$
4 w 2 0 22 1904 2170
$
4 a 4 0 22 1466 2192
$
4 a 3 0 22 1478 2192
$
3 a 3 0 22 1734 2192
$
4 w 2 0 21 1872 2202
$
4 w 1 0 21 1936 2224
$
6 d 1 0 24 2000 2224
$
6 d 1 0 24 2032 2224
$
1001 s 2 0 23 2192 2298
$
6 d 3 0 24 2054 2288
$
6 w 2 0 24 1104 2298
$
6 d 1 0 24 1136 2288
$
6 s 0 0 24 1200 2342
$
6 w 2 0 24 2064 2298
$
6 d 1 0 24 2096 2288
$
6 a 4 0 22 1114 2352
$
6 d 3 0 24 1190 2352
$
6 d 4 0 24 2138 2320
$
1001 s 1 0 23 1008 2416
$
1001 s 1 0 23 1072 2448
$
1001 s 1 0 23 1136 2448
$
1001 s 1 0 23 1200 2448
$
1001 s 1 0 23 1264 2448
$
1001 s 1 0 23 1328 2448
$
1001 s 1 0 23 1584 2448
$
1001 s 1 0 23 1648 2448
$
1001 s 1 0 23 2032 2448
$
1001 w 0 0 21 1104 838
$
1001 w 0 0 21 1296 838
$
1001 w 0 0 21 1808 838
$
1001 w 0 0 21 1872 838
$
1001 w 1 0 21 1936 848
$
1001 w 2 0 21 2192 858
$
1001 a 1 0 22 976 1104
$
1001 a 3 0 22 966 1232
$
1001 a 3 0 22 966 1360
$
1001 d 4 0 24 2234 1808
$
1001 d 4 0 24 2234 1872
$
1001 d 4 0 24 2234 2256
$
1001 s 1 0 23 1968 2448
$
1001 w 2 0 21 1040 858
$
1001 w 1 0 21 1104 848
$
1001 w 1 0 21 1232 848
$
1001 w 1 0 21 1296 848
$
1001 w 1 0 21 1872 848
$
1001 w 2 0 21 1936 858
$
1001 w 1 0 21 2000 848
$
1001 w 0 0 21 2192 870
$
1001 a 4 0 22 986 1040
$
1001 a 4 0 22 986 1104
$
1001 a 1 0 22 976 1168
$
1001 a 1 0 22 976 1232
$
1001 a 1 0 22 976 1424
$
1001 d 1 0 24 2224 1552
$
1001 d 1 0 24 2224 1744
$
1001 d 1 0 24 2224 2256
$
1001 s 0 0 23 1072 2438
$
1001 s 0 0 23 1136 2438
$
1001 s 0 0 23 1264 2438
$
1001 s 0 0 23 1328 2438
$
1001 s 0 0 23 1584 2438
$
1001 s 0 0 23 1648 2438
$
1001 s 0 0 23 1968 2438
$
1001 s 0 0 23 2032 2438
$
1001 w 1 0 21 1168 848
$
1001 d 1 0 24 2224 912
$
1001 a 1 0 22 976 1296
$
1001 a 1 0 22 976 1360
$
1001 d 1 0 24 2224 1488
$
1001 d 1 0 24 2224 1808
$
1001 d 1 0 24 2224 1872
$
1001 s 0 0 23 1200 2438
$
1001 a 3 0 22 966 1936
$
1001 a 3 0 22 1574 1168
$
6 w 2 0 24 1456 1882
$
6 w 2 0 24 1488 1882
$
6 d 3 0 23 1510 1936
$
6 s 1 0 23 1968 1968
$
6 s 0 0 22 1584 1990
$
6 s 0 0 22 1616 1990
$
6 s 0 0 22 1648 1990
$
1 s 0 0 22 1712 1990
$
1 a 1 0 22 1744 2000
$
6 a 3 0 22 2022 2000
$
6 d 3 0 23 1542 2032
$
6 s 0 0 22 1520 2086
$
6 a 1 0 22 1584 2096
$
4 w 2 0 22 1840 2170
$
4 a 4 0 21 1882 2192
$
4 a 1 0 22 1488 2192
$
3 a 1 0 22 1744 2192
$
4 d 3 0 21 1926 2224
$
6 w 2 0 24 2000 2234
$
6 w 2 0 24 2032 2234
$
6 w 2 0 24 1072 2298
$
6 w 2 0 24 1136 2298
$
6 s 0 0 24 1200 2342
$
6 w 2 0 24 2096 2298
$
6 a 4 0 22 1114 2352
$
6 d 1 0 24 2128 2320
$
6 d 3 0 23 1510 1904
$
6 a 1 0 22 2000 2000
$
6 a 3 0 22 1542 2096
$
4 a 4 0 23 1818 2192
$
4 w 2 0 22 1936 2170
$
4 a 4 0 22 1498 2192
$
4 s 2 0 28 1840 2266
$
6 s 2 0 23 2064 2266
$
6 s 0 0 22 1104 2342
$
6 d 3 0 24 2118 2320
$
6 s 0 0 22 2128 2374
$
6 a 1 0 22 1552 2096
$
4 d 3 0 21 1862 2192
$
6 a 4 0 22 2138 2384
$
1001 a 3 0 22 966 1872
$
4 a 4 0 22 1498 2192
$
1001 a 3 0 22 966 2064
$
1001 a 3 0 22 2150 1232
$
1001 s 0 0 23 1008 2406
$
1001 a 3 0 22 966 1552
$
1001 w 1 0 21 1360 848
$
1001 a 3 0 22 966 1808
$
1001 a 1 0 22 976 2320
$
1 w 2 0 26 2096 1722
$
1 w 2 1 26 2096 1722
$
1001 a 3 0 22 966 2128
$
6 w 2 0 22 1552 2106
$
1001 w 0 0 21 1552 838
$
1 w 0 0 21 2096 1734
$
1001 d 4 0 24 2234 1232
$
1 w 0 0 21 2096 1734
$
1001 a 3 0 22 966 1488
$
1001 d 4 0 24 2234 1168
$
1001 a 3 0 22 966 2000
$
1 w 1 0 21 2096 1744
$
1001 a 3 0 22 966 2192
$
6 s 0 0 22 1552 2086
$
4 a 4 0 22 1498 2192
$
1001 a 3 0 22 966 2256
$
6 w 2 0 22 1520 2106
$
1 w 1 0 21 2096 1744
$
6 w 2 0 22 1552 2106
$
1 w 1 0 21 2096 1744
$
1001 w 0 0 21 1488 838
$
1001 w 2 0 21 1872 858
$
1001 d 4 0 24 2234 1232
$
1 w 2 0 21 2096 1754
$
1001 w 0 0 21 1488 838
$
1001 a 3 0 22 966 2384
$
1001 s 1 0 28 2064 848
$
1001 s 2 0 28 2064 858
$
3 w 2 0 22 1744 2202
$
1001 d 1 0 24 2224 1680
$
6 s 0 0 22 2000 1990
$
6 w 2 0 22 1552 2106
$
6 w 2 0 22 1520 2106
$
1001 s 2 0 28 1392 2458
$
1001 a 3 0 22 966 976
$
1001 a 3 0 22 966 976
$
6 s 0 0 22 1520 2086
$
1001 w 1 0 21 2192 880
$
1001 s 2 0 28 1392 2458
$
1001 w 2 0 21 2000 858
$
1001 d 4 0 24 2234 1104
$
1001 a 3 0 22 966 976
$
1001 s 1 0 28 2192 1584
$
1001 s 2 0 28 1392 2458
$
1001 d 4 0 24 2234 1616
$
1001 d 4 0 24 2234 1616
$
1001 w 0 0 21 1808 838
$
1001 s 2 0 28 1808 2458
$
1001 s 2 0 23 1520 2458
$
1001 s 2 0 28 1808 2458
$
1001 s 2 0 28 1808 2458
$
1001 w 0 0 21 1744 838
$
1001 d 4 0 24 2234 1168
$
1001 s 2 0 23 1904 2458
$
1 w 2 0 21 2096 1754
$
6 w 2 0 22 1520 2106
$
4 a 3 0 22 1510 2192
$
1001 d 4 0 24 2234 2128
$
6 s 0 0 22 1520 2086
$
1001 s 1 0 23 2192 2288
$
1001 d 4 0 24 2234 2128
$
1001 d 4 0 24 2234 2128
$
1001 d 3 0 24 2214 1552
$
1001 s 0 0 28 2192 1574
$
1001 w 0 0 21 1744 838
$
1001 d 3 0 24 2214 1488
$
6 s 0 0 22 1520 2086
$
4 a 1 0 22 1520 2192
$
1001 d 4 0 24 2234 1616
$
1001 a 1 0 22 976 1488
$
1001 a 3 0 22 2150 1232
$
1001 d 3 0 24 2214 1680
$
6 s 1 0 23 1936 2288
$
1001 a 4 0 22 986 1168
$
1001 a 4 0 22 986 1424
$
1001 w 0 0 21 1424 838
$
1001 a 4 0 22 986 1232
$
4 a 1 0 22 1520 2192
$
1001 a 4 0 22 986 1360
$
1001 a 4 0 22 986 1296
$
1001 w 0 0 21 1744 838
$
1001 d 4 0 24 2234 1104
$
6 w 1 0 21 2064 2384
$
4 a 4 0 22 1530 2192
$
1001 d 1 0 24 2224 1424
$
6 a 4 0 21 2074 2384
$
1001 d 4 0 24 2234 1104
$
4 a 3 0 22 1542 2192
$
6 a 3 0 22 2086 2384
$
1001 d 4 0 24 2234 1168
$
1001 a 3 0 22 2150 1232
$
1001 w 2 0 21 1040 858
$
1001 a 3 0 22 1062 880
$
1001 w 2 0 21 1168 858
$
1001 w 2 0 21 1232 858
$
1001 d 3 0 24 2214 912
$
1001 a 4 0 22 986 1040
$
1001 a 4 0 22 986 1168
$
1001 a 4 0 22 986 1296
$
1001 d 3 0 24 2214 1488
$
1001 d 3 0 24 2214 1552
$
1001 d 4 0 24 2234 1616
$
1001 d 3 0 24 2214 1680
$
1001 d 3 0 24 2214 1744
$
1001 d 3 0 24 2214 1872
$
6 w 2 0 24 1456 1882
$
6 w 2 0 24 1488 1882
$
6 d 3 0 23 1510 1936
$
6 s 0 0 23 1968 1958
$
6 s 0 0 22 1584 1990
$
6 s 0 0 22 1616 1990
$
6 s 0 0 22 1648 1990
$
1 s 0 0 22 1712 1990
$
1 s 0 0 22 1744 1990
$
6 s 2 0 23 1968 1946
$
6 a 1 0 22 2032 2000
$
6 d 3 0 23 1542 2032
$
6 s 0 0 22 1520 2086
$
1 w 2 1 21 2096 1754
$
1 w 0 0 21 2096 1766
$
6 w 2 0 22 1520 2106
$
6 w 2 0 22 1552 2106
$
6 w 2 0 22 1584 2106
$
4 w 2 0 22 1840 2170
$
4 w 2 0 22 1904 2170
$
4 a 3 0 22 1542 2192
$
4 a 1 0 22 1552 2192
$
3 w 2 0 22 1744 2202
$
4 w 2 0 21 1872 2202
$
4 d 3 0 21 1926 2224
$
6 s 0 0 23 1936 2278
$
6 s 2 0 23 1936 2266
$
6 w 2 0 24 2000 2234
$
6 w 2 0 24 2032 2234
$
1001 s 0 0 23 2192 2278
$
6 d 3 0 24 2054 2288
$
6 w 2 0 24 1104 2298
$
6 w 2 0 24 1136 2298
$
6 s 0 0 24 1200 2342
$
6 w 2 0 24 2064 2298
$
6 w 2 0 24 2096 2298
$
6 a 4 0 22 1114 2352
$
6 d 3 0 24 1190 2352
$
6 w 2 0 24 2128 2330
$
1001 s 0 0 23 1584 2438
$
1001 s 2 0 28 1808 2458
$
1001 s 2 0 23 1904 2458
$
1001 s 0 0 23 1968 2438
$
1001 s 0 0 23 2032 2438
$
1001 w 2 0 21 1104 858
$
1001 w 2 0 21 1296 858
$
1001 w 2 0 21 1872 858
$
1001 w 2 0 21 1936 858
$
1001 w 2 0 21 2000 858
$
1001 s 2 0 28 2064 858
$
1001 w 2 0 21 2192 890
$
1001 a 3 0 22 966 976
$
1001 a 4 0 22 986 1104
$
1001 a 4 0 22 986 1232
$
1001 a 4 0 22 986 1360
$
1001 d 3 0 24 2214 1808
$
1001 d 3 0 24 2214 2256
$
1001 s 2 0 23 1520 2458
$
1001 s 0 0 23 1648 2438
$
1001 d 4 0 24 2010 2416
$
1001 w 2 0 21 1040 858
$
1001 a 1 0 22 1072 880
$
1001 w 2 0 21 1168 858
$
1001 w 2 0 21 1872 858
$
1001 s 2 0 28 2064 858
$
1001 d 3 0 24 2214 912
$
1001 a 4 0 22 986 1168
$
1001 a 4 0 22 986 1232
$
1001 a 4 0 22 986 1296
$
1001 a 4 0 22 986 1360
$
1001 d 3 0 24 2214 1488
$
1001 d 3 0 24 2214 1552
$
1001 d 1 0 24 2224 1616
$
1001 d 3 0 24 2214 1680
$
1001 s 0 0 23 2192 2278
$
1001 s 1 0 23 1520 2448
$
1001 s 0 0 23 1584 2438
$
1001 s 0 0 23 1648 2438
$
1001 s 1 0 23 1904 2448
$
1001 s 0 0 23 1968 2438
$
1001 s 0 0 23 2032 2438
$
1001 w 2 0 21 1104 858
$
1001 w 2 0 21 1232 858
$
1001 w 2 0 21 1296 858
$
1001 w 2 0 21 1936 858
$
1001 w 2 0 21 2000 858
$
1001 w 2 0 21 2192 890
$
1001 a 1 0 22 976 976
$
1001 a 4 0 22 986 1040
$
1001 a 4 0 22 986 1104
$
1001 d 3 0 24 2214 1744
$
1001 d 3 0 24 2214 1808
$
1001 d 3 0 24 2214 1872
$
1001 d 4 0 24 2234 2192
$
1001 d 3 0 24 2214 2256
$
1001 s 1 0 28 1808 2448
$
1001 d 1 0 24 2000 2416
$
1001 a 1 0 22 976 2192
$
1001 a 4 0 22 986 1488
$
1001 a 1 0 22 976 2128
$
6 w 2 0 24 1456 1882
$
6 w 2 0 24 1488 1882
$
6 d 3 0 23 1510 1936
$
6 s 0 0 22 1584 1990
$
6 s 0 0 22 1616 1990
$
6 s 0 0 22 1648 1990
$
1 s 0 0 22 1744 1990
$
6 s 1 0 23 1968 1936
$
6 s 0 0 22 2032 1990
$
6 d 3 0 23 1542 2032
$
6 s 2 0 23 1552 2074
$
1 w 0 0 21 2096 1766
$
1 w 0 0 21 2096 1766
$
6 w 2 0 22 1584 2106
$
4 w 2 0 22 1840 2170
$
4 w 2 0 22 1904 2170
$
4 a 4 0 22 1562 2192
$
4 a 3 0 22 1574 2192
$
3 w 2 0 22 1744 2202
$
4 w 2 0 21 1872 2202
$
4 d 3 0 21 1926 2224
$
6 s 1 0 23 1936 2256
$
6 w 2 0 24 2000 2234
$
6 w 2 0 24 2032 2234
$
6 w 0 0 21 1072 2310
$
6 w 2 0 24 1136 2298
$
6 w 2 0 24 2096 2298
$
6 d 3 0 24 1190 2352
$
6 a 1 0 22 2096 2384
$
6 w 2 0 24 2128 2330
$
1001 a 4 0 22 1082 880
$
1001 s 2 0 28 2064 858
$
1001 s 1 0 28 2192 1648
$
1001 s 1 0 28 2192 1712
$
1001 s 0 0 23 1200 2438
$
1001 d 3 0 24 1990 2416
$
1001 w 0 0 21 1744 838
$
1001 d 4 0 24 2234 2000
$
1001 a 3 0 22 966 1680
$
6 d 3 0 23 1510 1904
$
6 a 4 0 23 1978 1936
$
1001 a 3 0 22 966 2000
$
1 w 1 0 21 2096 1776
$
4 a 4 0 23 1818 2192
$
4 a 4 0 21 1882 2192
$
4 a 3 0 22 1574 2192
$
4 s 2 0 28 1840 2266
$
6 s 1 0 23 2064 2256
$
6 s 0 0 22 1104 2342
$
6 d 3 0 24 2118 2320
$
6 s 0 0 22 2128 2374
$
1001 d 4 0 24 2234 1104
$
1001 a 3 0 22 966 1808
$
1001 s 2 0 28 2064 858
$
6 s 0 0 22 2000 1990
$
1 w 1 0 21 2096 1776
$
4 d 3 0 21 1862 2192
$
4 w 0 0 21 1936 2182
$
6 d 3 0 24 2118 2320
$
6 s 0 0 22 2096 2374
$
6 s 2 0 23 2160 2362
$
1001 a 3 0 22 966 1872
$
1001 d 1 0 24 2224 976
$
1001 s 2 0 28 2064 858
$
1001 a 3 0 22 2150 1232
$
1001 d 4 0 24 2234 2128
$
6 w 2 0 24 2128 2330
$
1001 d 4 0 24 2234 1168
$
1001 w 0 0 21 2192 1766
$
1001 d 3 0 24 2214 1424
$
4 a 1 0 22 1584 2192
$
6 d 3 0 24 2118 2320
$
1001 w 1 0 21 2192 1776
$
1001 s 0 0 23 1072 2438
$
6 d 3 0 23 1926 2256
$
1001 w 0 0 21 1488 838
$
1001 d 4 0 24 2234 1232
$
1001 w 0 0 21 1616 838
$
1001 a 3 0 22 1574 1168
$
1001 s 0 0 23 1264 2438
$
1001 a 3 0 22 966 1936
$
1001 a 3 0 22 966 1552
$
1001 d 4 0 24 2234 2064
$
1001 a 4 0 22 986 2320
$
1001 a 3 0 22 966 1744
$
6 a 3 0 22 1990 1936
$
1001 d 4 0 24 2234 1040
$
6 a 1 0 22 2000 1936
$
6 a 4 0 22 2010 1936
$
1001 d 4 0 24 2234 1936
$
1001 a 3 0 22 966 2384
$
6 a 4 0 22 2010 1936
$
1001 s 0 0 23 1008 2406
$
6 d 3 0 23 1926 2256
$
6 a 4 0 22 2010 1936
$
6 w 2 0 22 2000 1946
$
6 a 4 0 23 1946 2256
$
1001 d 4 0 24 2234 1360
$
1001 a 3 0 22 966 2064
$
6 s 0 0 22 2032 1990
$
6 s 0 0 22 2032 1990
$
6 w 2 0 22 2000 1946
$
6 a 4 0 22 2010 1936
$
1001 d 4 0 24 2234 1232
$
1001 w 0 0 21 1680 838
$
1001 s 0 0 23 2192 2278
$
6 a 4 0 23 1978 1968
$
1001 d 3 0 24 2214 912
$
1001 a 4 0 22 986 1424
$
1001 d 4 0 24 2234 1296
$
6 s 0 0 22 2000 1990
$
4 a 4 0 22 1594 2192
$
1001 a 3 0 22 966 1616
$
1001 w 2 0 21 2192 890
$
1001 w 0 0 21 1424 838
$
1001 w 0 0 21 1552 838
$
1001 d 4 0 24 2234 1040
$
1001 s 2 0 28 1392 2458
$
1001 a 1 0 22 976 2256
$
1001 d 3 0 21 2182 880
$
1001 d 3 0 21 2182 880
$
1001 d 3 0 21 2182 880
$
1001 d 4 0 24 1978 880
$
1001 s 2 0 28 2096 890
$
1001 d 4 0 24 2170 880
$
1001 s 2 0 28 2032 890
$
1001 d 1 0 24 1968 880
$
1001 s 1 0 28 2096 880
$
1001 s 1 0 28 2032 880
$
1001 d 3 0 24 1958 880
$
1001 w 1 0 21 1808 848
$
1001 d 4 0 24 2234 1040
$
4 a 3 0 22 1606 2192
$
4 a 1 0 22 1616 2192
$
1001 w 2 0 21 1360 858
$
1001 s 0 0 23 1328 2438
$
1001 s 0 0 23 1136 2438
$
1001 d 4 1 24 2136 2128
$
4 a 4 0 22 1626 2192
$
1001 d 3 0 28 1958 2128
$
1001 w 2 0 21 1040 858
$
1001 a 4 0 22 1082 880
$
1001 w 2 0 21 1168 858
$
1001 w 2 0 21 1232 858
$
1001 d 3 0 24 1958 880
$
1001 w 2 0 21 2000 858
$
1001 d 1 0 24 2160 880
$
1001 w 2 0 21 2192 890
$
1001 a 4 0 22 986 1040
$
1001 a 4 0 22 986 1168
$
1001 a 4 0 22 986 1296
$
1001 d 3 0 24 2214 1488
$
1001 d 3 0 24 2214 1552
$
1001 d 3 0 24 2214 1680
$
1001 d 3 0 24 2214 1744
$
1001 w 2 0 21 2192 1786
$
6 w 2 0 24 1456 1882
$
6 w 2 0 24 1488 1882
$
6 d 3 0 23 1510 1936
$
6 a 4 0 22 2010 1936
$
6 s 0 0 22 1584 1990
$
6 s 0 0 22 1616 1990
$
6 s 0 0 22 1648 1990
$
1 s 0 0 22 1712 1990
$
1 s 0 0 22 1744 1990
$
6 w 2 0 22 2000 1946
$
6 s 0 0 22 2032 1990
$
6 d 3 0 23 1542 2032
$
6 s 0 0 22 1520 2086
$
1 w 2 0 21 2096 1786
$
1 w 2 1 21 2096 1786
$
2 s 2 0 28 1968 2138
$
6 w 2 0 22 1520 2106
$
6 w 2 0 22 1552 2106
$
6 w 2 0 22 1584 2106
$
4 w 2 0 22 1840 2170
$
4 w 2 0 22 1904 2170
$
4 a 4 0 22 1626 2192
$
4 a 3 0 22 1638 2192
$
3 w 2 0 22 1744 2202
$
4 w 2 0 21 1872 2202
$
4 d 3 0 21 1926 2224
$
6 d 3 0 23 1926 2256
$
6 a 4 0 23 1946 2256
$
6 w 2 0 24 2000 2234
$
6 w 2 0 24 2032 2234
$
1001 s 0 0 23 2192 2278
$
6 d 3 0 24 2054 2288
$
6 w 2 0 24 1104 2298
$
6 w 2 0 24 1136 2298
$
6 s 0 0 24 1200 2342
$
6 w 2 0 24 2064 2298
$
6 w 2 0 24 2096 2298
$
6 a 4 0 22 1114 2352
$
6 d 3 0 24 1190 2352
$
6 w 2 0 24 2128 2330
$
1001 s 0 0 23 1520 2438
$
1001 s 0 0 23 1584 2438
$
1001 s 0 0 23 1648 2438
$
1001 s 0 0 28 1808 2438
$
1001 s 0 0 23 1904 2438
$
1001 d 3 0 24 1990 2416
$
1001 s 0 0 23 2032 2438
$
1001 w 2 0 21 1104 858
$
1001 w 2 0 21 1936 858
$
1001 d 3 0 24 2214 912
$
1001 a 4 0 22 986 976
$
1001 d 3 0 24 2214 976
$
1001 a 4 0 22 986 1104
$
1001 a 4 0 22 986 1232
$
1001 d 3 0 24 2214 1616
$
1001 d 3 0 24 2214 1808
$
1001 d 3 0 24 2214 1872
$
1001 d 1 0 24 2224 2192
$
1001 d 3 0 24 2214 2256
$
1001 s 0 0 23 1968 2438
$
1001 w 2 0 21 1040 858
$
1001 w 2 0 21 1104 858
$
1001 w 2 0 21 1168 858
$
1001 d 3 0 24 1958 880
$
1001 w 2 0 21 2000 858
$
1001 d 3 0 24 2150 880
$
1001 d 3 0 24 2214 912
$
1001 a 4 0 22 986 1040
$
1001 a 4 0 22 986 1104
$
1001 a 4 0 22 986 1296
$
1001 d 3 0 24 2214 1616
$
1001 d 3 0 24 2214 1680
$
1001 d 3 0 24 2214 1744
$
1001 w 2 0 21 2192 1786
$
1001 d 3 0 24 2214 1872
$
1001 d 3 0 24 2214 2192
$
1001 d 3 0 24 2214 2256
$
1001 s 0 0 23 1520 2438
$
1001 s 0 0 23 1584 2438
$
1001 s 0 0 23 1648 2438
$
1001 s 0 0 28 1808 2438
$
1001 s 0 0 23 1968 2438
$
1001 s 0 0 23 2032 2438
$
1001 a 4 0 22 1082 880
$
1001 w 2 0 21 1232 858
$
1001 w 2 0 21 1936 858
$
1001 w 2 0 21 2192 890
$
1001 a 4 0 22 986 976
$
1001 a 4 0 22 986 1168
$
1001 a 4 0 22 986 1232
$
1001 d 3 0 24 2214 1488
$
1001 d 3 0 24 2214 1552
$
1001 s 2 0 28 2192 1722
$
1001 d 3 0 24 2214 1808
$
1001 s 0 0 23 2192 2278
$
1001 s 0 0 23 1904 2438
$
1001 d 3 0 24 1990 2416
$
1001 s 1 0 28 2192 1712
$
6 w 2 0 24 1456 1882
$
6 w 2 0 24 1488 1882
$
6 d 3 0 23 1510 1936
$
6 a 4 0 22 2010 1936
$
6 s 0 0 22 1584 1990
$
6 s 0 0 22 1616 1990
$
6 s 0 0 22 1648 1990
$
1 s 0 0 22 1744 1990
$
6 a 4 0 23 1978 1968
$
6 s 0 0 22 2032 1990
$
6 d 3 0 23 1542 2032
$
6 s 1 0 23 1552 2064
$
1 w 0 0 21 2096 1798
$
1 w 1 0 21 2096 1808
$
2 s 2 0 28 1968 2138
$
6 w 2 0 22 1552 2106
$
6 w 2 0 22 1584 2106
$
4 w 2 0 22 1840 2170
$
4 a 4 0 21 1882 2192
$
4 a 1 0 22 1648 2192
$
3 w 2 0 22 1744 2202
$
4 d 3 0 21 1926 2224
$
6 d 3 0 23 1926 2256
$
6 w 2 0 24 2000 2234
$
6 w 2 0 24 2032 2234
$
6 w 1 0 21 1072 2320
$
6 w 2 0 24 1136 2298
$
6 s 0 0 24 1200 2342
$
6 w 2 0 24 2096 2298
$
6 a 4 0 22 1114 2352
$
6 s 0 0 22 2096 2374
$
6 w 2 0 24 2128 2330
$
1001 d 4 0 24 2234 2064
$
1001 s 0 0 23 1328 2438
$
1001 a 4 0 22 1082 880
$
1001 d 3 0 24 1958 880
$
1001 s 1 0 28 2192 1712
$
1001 d 3 0 24 1990 2416
$
1001 a 4 0 22 986 2128
$
1001 a 1 0 22 976 1552
$
6 d 3 0 23 1510 1904
$
6 s 0 0 22 2000 1990
$
1 w 2 0 21 2096 1818
$
2 s 1 0 28 1968 2128
$
4 a 4 0 23 1818 2192
$
4 w 1 0 21 1936 2192
$
4 a 1 0 22 1648 2192
$
4 s 1 0 28 1840 2256
$
6 d 3 0 23 2054 2256
$
6 s 0 0 22 1104 2342
$
6 d 3 0 24 2118 2320
$
6 s 0 0 22 2128 2374
$
1001 a 3 0 22 1126 880
$
1001 a 3 0 22 966 1680
$
4 d 3 0 21 1862 2192
$
6 s 1 0 23 2160 2352
$
1001 s 2 0 28 2192 1658
$
1001 d 1 0 24 2224 1040
$
1001 a 1 0 22 976 1936
$
1001 a 1 0 22 976 1808
$
1001 a 1 0 22 1136 880
$
1001 s 2 0 28 2192 1658
$
1001 s 2 0 23 2192 2234
$
1001 s 1 0 28 2192 1648
$
1001 a 4 0 22 1146 880
$
1001 d 4 0 24 1946 2416
$
1001 s 0 0 23 1264 2438
$
1001 s 2 0 28 2192 1594
$
1001 w 2 0 21 1808 858
$
1001 a 1 0 22 2160 1232
$
1001 d 4 0 24 1882 2416
$
1001 a 3 0 22 966 1616
$
1001 s 0 0 23 1200 2438
$
1001 s 0 0 23 1136 2438
$
1001 a 3 0 22 966 1744
$
1001 d 1 0 24 1872 2416
$
1001 a 1 0 22 976 1872
$
1001 a 1 0 22 1584 1168
$
1001 d 3 0 28 1958 2128
$
1001 d 1 0 24 2224 1104
$
1 w 2 1 21 2096 1818
$
1001 w 0 0 21 1680 838
$
4 a 4 0 22 1658 2192
$
1001 d 4 0 24 1946 2128
$
1001 a 4 0 22 986 1488
$
1001 w 1 0 21 1488 848
$
1001 d 1 0 24 1936 2128
$
1001 d 3 0 24 2214 1424
$
1001 a 4 0 22 986 1360
$
1001 d 3 0 24 1926 2128
$
1001 a 4 0 22 986 1424
$
1001 s 0 0 23 1008 2406
$
6 a 4 0 23 1946 2256
$
6 a 4 0 23 1946 2256
$
6 w 0 0 21 1296 2246
$
1001 d 4 0 24 1914 2128
$
6 w 1 0 21 1296 2256
$
6 d 3 0 21 1286 2256
$
1001 d 1 0 24 1904 2128
$
6 d 3 0 23 1926 2256
$
1001 a 4 0 22 986 2256
$
1001 d 3 0 24 2214 976
$
1001 a 1 0 22 976 2000
$
1001 d 1 0 24 2224 1232
$
1001 d 1 0 24 2224 1168
$
1001 w 1 0 21 1424 848
$
1001 a 1 0 22 976 2064
$
6 s 2 0 28 1296 2138
$
3 s 2 0 23 1360 2138
$
6 d 3 0 21 1286 2256
$
1001 w 1 0 21 1552 848
$
4 w 2 0 22 1648 2202
$
6 d 3 0 23 1926 2256
$
6 s 1 0 28 1296 2128
$
6 d 4 0 24 1274 2256
$
6 a 4 0 23 1946 2256
$
6 s 0 0 28 1296 2118
$
6 d 1 0 24 1264 2256
$
6 s 0 0 28 1296 2118
$
6 d 1 0 24 1264 2256
$
1001 a 4 0 22 986 2192
$
1001 d 4 0 24 2234 1296
$
1001 w 1 0 21 1744 848
$
1001 a 1 0 22 976 2384
$
1001 a 4 0 22 986 2320
$
1001 w 2 0 21 1872 858
$
6 s 2 0 28 1296 2106
$
3 s 2 0 23 1360 2138
$
4 w 2 0 22 1648 2202
$
6 d 3 0 24 1254 2256
$
6 s 2 0 28 1296 2106
$
6 d 3 0 24 1254 2256
$
6 s 1 0 28 1296 2096
$
6 d 3 0 24 1254 2256
$
1001 w 0 0 21 1616 838
$
1001 s 0 0 23 1072 2438
$
6 s 0 0 28 1296 2086
$
3 s 1 0 23 1360 2128
$
3 s 2 0 23 1360 2138
$
4 a 4 0 22 1658 2192
$
6 d 4 0 24 1242 2256
$
6 s 0 0 28 1296 2086
$
6 d 4 0 24 1242 2256
$
6 s 2 0 28 1296 2074
$
6 d 1 0 24 1232 2256
$
1001 a 3 0 27 966 848
$
1001 a 3 0 27 966 848
$
1001 a 1 0 27 976 848
$
1001 a 4 0 27 986 848
$
1001 a 3 0 27 998 848
$
1001 a 1 0 27 1008 848
$
1001 w 2 0 27 1008 858
$
1001 w 0 0 26 1008 870
$
1001 w 1 0 26 1008 880
$
1001 s 1 0 28 1392 2448
$
1001 w 2 0 26 1008 890
$
1001 w 0 0 26 1008 902
$
1 a 4 1 22 1665 1584
$
1001 w 1 0 26 1008 912
$
1 a 3 1 22 1677 1584
$
1001 w 2 0 26 1008 922
$
1 a 1 1 22 1689 1584
$
1001 w 0 0 21 1008 1062
$
1001 w 0 0 26 1008 934
$
6 s 1 0 28 1296 2064
$
3 s 0 0 23 1360 2118
$
3 s 1 0 23 1360 2128
$
4 w 2 0 22 1648 2202
$
6 d 1 0 24 1232 2256
$
1001 w 1 0 21 1008 1072
$
1 a 4 1 22 1701 1584
$
1001 w 1 0 26 1008 944
$
1001 w 2 0 21 1008 1082
$
1001 w 0 0 21 1008 1126
$
6 s 1 0 28 1296 2064
$
1 a 1 1 22 1713 1584
$
6 d 3 0 24 1222 2256
$
6 s 0 0 28 1296 2054
$
1 a 4 1 22 1725 1584
$
6 w 2 0 24 1232 2266
$
6 s 2 0 28 1296 2042
$
1 a 3 1 22 1737 1584
$
6 d 3 0 24 1222 2256
$
1 a 1 1 22 1749 1584
$
1 a 4 1 22 1761 1584
$
1001 d 4 0 24 2234 1360
$
1 a 3 1 22 1773 1584
$
1 a 1 1 22 1785 1584
$
1 w 0 0 21 2096 1830
$
1 w 1 0 21 2096 1840
$
1 w 1 0 21 2096 1840
$
1 a 4 1 22 1797 1584
$
1 a 1 1 22 1809 1584
$
1 a 4 1 22 1821 1584
$
1 w 1 0 21 1296 1680
$
1 a 3 1 22 1833 1584
$
1 w 2 0 21 2096 1850
$
1 w 2 1 21 2096 1850
$
1 w 0 0 21 2096 1862
$
6 s 1 0 28 1296 2032
$
3 s 2 0 23 1360 2106
$
3 s 0 0 23 1360 2118
$
4 a 4 0 22 1658 2192
$
6 d 3 0 24 1222 2256
$
1 a 1 1 22 1845 1584
$
6 s 0 0 28 1296 2022
$
6 a 4 0 44 1370 2160
$
6 d 3 0 24 1222 2256
$
1 w 2 0 21 1296 1690
$
1 a 4 1 22 1857 1584
$
1 a 3 1 22 1869 1584
$
6 a 3 0 22 1382 2160
$
6 s 0 0 28 1296 2022
$
6 d 4 0 24 1210 2256
$
1001 w 2 0 21 1296 858
$
1 w 0 0 21 2096 1862
$
1 w 0 0 21 2096 1862
$
1 w 1 0 21 2096 1872
$
1 w 0 0 21 1296 1702
$
1 w 1 0 21 1296 1712
$
1 a 1 1 22 1881 1584
$
1 w 2 0 21 2096 1882
$
1 w 2 1 21 2096 1882
$
1001 w 2 0 21 1360 858
$
1 w 2 0 21 1296 1722
$
1 a 4 1 27 1893 1584
$
6 s 2 0 23 1296 2010
$
3 s 1 0 23 1360 2096
$
6 a 3 0 22 1382 2160
$
3 s 0 0 23 1360 2118
$
4 a 3 0 22 1670 2192
$
4 s 0 0 44 1776 2310
$
6 d 4 0 24 1210 2256
$
1 w 0 0 21 1296 1734
$
1 w 0 0 21 2096 1894
$
6 s 1 0 23 1296 2000
$
6 a 1 0 22 1392 2160
$
6 d 1 0 24 1200 2256
$
6 a 1 0 22 1392 2160
$
6 a 4 0 23 1306 2000
$
6 d 3 0 24 1190 2256
$
1001 d 4 0 29 1786 2416
$
1001 d 1 0 29 1776 2416
$
1001 d 3 0 29 1766 2416
$
1 w 1 0 21 1296 1744
$
1 w 2 0 21 1296 1754
$
1 w 1 0 21 2096 1904
$
1001 d 4 0 29 1754 2416
$
4 s 2 0 23 1776 2298
$
1 w 2 0 21 2096 1914
$
1 w 2 1 21 2096 1914
$
6 a 3 0 22 1318 2000
$
3 s 0 0 23 1360 2086
$
6 s 0 0 22 1392 2150
$
3 s 2 0 23 1360 2106
$
4 a 1 0 22 1680 2192
$
4 s 1 0 23 1776 2288
$
6 d 4 0 24 1178 2256
$
6 a 1 0 22 1328 2000
$
6 s 0 0 22 1392 2150
$
6 d 1 0 24 1168 2256
$
6 s 2 0 23 1392 2138
$
6 a 4 0 22 1338 2000
$
6 w 2 0 24 1168 2266
$
6 a 3 1 22 1800 2352
$
6 a 3 0 22 1350 2000
$
6 w 0 0 21 1168 2278
$
6 a 1 0 22 1808 2352
$
6 s 2 0 23 1392 2138
$
4 s 0 0 23 1776 2278
$
6 a 1 1 22 1810 2352
$
6 a 4 0 22 1818 2352
$
6 s 0 0 43 1904 2054
$
6 a 4 0 22 1818 2352
$
6 a 4 1 22 1822 2352
$
6 a 3 1 22 1832 2352
$
6 a 1 0 22 1360 2000
$
3 s 2 0 23 1360 2074
$
6 s 1 0 23 1392 2128
$
3 s 1 0 23 1360 2096
$
4 a 1 0 22 1680 2192
$
6 w 2 0 24 1232 2266
$
6 a 4 0 22 1370 2000
$
6 w 0 0 21 1232 2278
$
6 a 3 0 22 1382 2000
$
6 w 0 0 21 1232 2278
$
6 s 0 0 43 1872 2054
$
6 s 0 0 43 1904 2054
$
6 s 0 0 23 1392 2118
$
4 s 2 0 28 1776 2266
$
6 a 1 0 22 1840 2352
$
6 a 1 1 22 1842 2352
$
6 a 4 0 22 1850 2352
$
6 a 4 1 22 1854 2352
$
6 a 3 1 22 1864 2352
$
6 s 2 0 23 1872 2042
$
6 s 2 0 23 1904 2042
$
4 s 1 0 28 1776 2256
$
6 a 1 0 22 1872 2352
$
1 w 0 0 21 2096 1926
$
1 w 1 0 21 2096 1936
$
6 a 1 1 22 1874 2352
$
6 a 4 0 22 1882 2352
$
1 w 1 0 21 2096 1936
$
6 a 4 1 22 1886 2352
$
1 w 2 0 21 2096 1946
$
6 a 3 1 22 1896 2352
$
1 w 2 1 21 2096 1946
$
1 d 3 0 21 1286 1712
$
1 w 2 0 21 1296 1754
$
1 a 1 1 27 1905 1584
$
1 w 0 0 21 2096 1958
$
1 a 4 1 27 1917 1584
$
1 w 0 0 21 1296 1766
$
1 w 1 0 21 2096 1968
$
1 w 1 0 21 1296 1776
$
1 a 3 1 27 1929 1584
$
6 a 1 0 22 1392 2000
$
3 s 1 0 23 1360 2064
$
6 s 0 0 23 1392 2118
$
3 d 3 0 23 1350 2096
$
4 w 2 0 22 1680 2202
$
4 s 0 0 28 1776 2246
$
6 w 1 0 21 1168 2288
$
6 a 1 0 22 1904 2352
$
1 w 1 0 21 2096 1968
$
6 a 4 0 22 1402 2000
$
1 a 1 1 27 1941 1584
$
6 s 2 0 23 1392 2106
$
6 d 1 0 24 1200 2256
$
6 a 1 1 22 1906 2352
$
6 s 2 0 23 1392 2106
$
6 a 3 1 22 1800 2320
$
6 a 4 0 22 1914 2352
$
6 a 3 0 22 1414 2000
$
1 a 4 1 27 1953 1584
$
6 a 1 0 22 1808 2320
$
6 w 2 0 21 1168 2298
$
6 a 4 1 22 1918 2352
$
1 d 4 1 24 1527 1616
$
1 a 3 1 27 1965 1584
$
6 a 1 1 22 1810 2320
$
6 a 3 1 22 1928 2352
$
1 d 1 1 24 1515 1616
$
1 d 3 1 24 1503 1616
$
1 d 4 1 24 1491 1616
$
1 d 1 1 24 1479 1616
$
1 a 1 1 27 1977 1584
$
1 d 3 1 24 1467 1616
$
1 a 4 1 27 1989 1584
$
1 d 4 1 24 1457 1616
$
1 a 1 1 27 2001 1584
$
4 s 2 0 28 1776 2234
$
6 a 4 0 22 1818 2320
$
6 a 1 0 22 1936 2352
$
1 d 1 1 24 1447 1616
$
1 a 4 1 27 2013 1584
$
1 d 3 0 24 1446 1616
$
3 s 2 0 23 1712 2298
$
6 a 4 0 22 1818 2320
$
6 a 1 1 22 1938 2352
$
6 a 4 0 22 1818 2320
$
6 a 4 0 22 1946 2352
$
1 d 3 1 24 1435 1616
$
1 a 3 1 27 2025 1584
$
6 a 4 1 22 1822 2320
$
6 a 4 0 22 1946 2352
$
1 d 4 1 24 1425 1616
$
1 a 1 1 27 2037 1584
$
6 a 3 1 22 1832 2320
$
6 a 4 1 22 1950 2352
$
1 d 1 0 24 1424 1616
$
1 a 4 1 27 2049 1584
$
1 a 3 1 27 2061 1584
$
1 d 1 1 24 1415 1616
$
1 d 3 0 24 1414 1616
$
2 s 2 1 23 1168 1848
$
1 d 3 1 24 1403 1616
$
1 d 4 0 24 1402 1616
$
2 s 1 0 23 1168 1840
$
1 d 4 1 24 1393 1616
$
6 a 1 0 22 1424 2000
$
3 d 3 0 23 1350 2064
$
6 s 1 0 23 1392 2096
$
3 d 3 0 23 1350 2096
$
4 w 2 0 22 1648 2202
$
4 s 1 0 28 1776 2224
$
3 s 1 0 23 1712 2288
$
6 a 4 0 21 1178 2288
$
6 a 1 0 22 1840 2320
$
6 a 3 1 22 1960 2352
$
1 d 1 0 24 1392 1616
$
1 a 1 1 27 2073 1584
$
1 d 1 1 24 1383 1616
$
2 s 1 1 23 1168 1838
$
6 s 0 0 22 1424 1990
$
6 a 4 0 23 1402 2096
$
3 s 1 0 23 1712 2288
$
6 w 1 0 21 1232 2288
$
6 a 1 1 22 1842 2320
$
6 a 1 1 22 1970 2352
$
6 a 4 0 23 1402 2096
$
6 a 4 0 22 1850 2320
$
6 a 4 0 22 1978 2352
$
1 d 3 0 24 1382 1616
$
6 s 0 0 22 1424 1990
$
6 a 4 0 22 1850 2320
$
6 w 2 0 21 1232 2298
$
6 a 4 0 22 1978 2352
$
6 s 2 0 28 1424 1978
$
6 w 2 0 21 1168 2298
$
1001 w 2 0 21 1232 858
$
1 d 3 1 24 1371 1616
$
2 a 4 0 23 1178 1840
$
6 a 4 1 22 1854 2320
$
6 a 4 1 22 1982 2352
$
1 d 4 0 24 1370 1616
$
1 d 4 1 24 1361 1616
$
1 d 1 0 24 1360 1616
$
2 a 4 0 23 1178 1840
$
1 a 4 1 27 2085 1584
$
1 a 3 1 27 2095 1584
$
1 w 1 1 27 2096 1593
$
6 a 3 0 22 1414 2096
$
1001 w 2 0 21 1168 858
$
1001 a 3 0 22 1190 880
$
1 d 1 1 24 1351 1616
$
1001 w 2 0 21 1104 858
$
1001 a 4 0 22 1146 880
$
1001 a 1 0 22 1200 880
$
1 d 3 0 24 1350 1616
$
2 a 3 0 22 1190 1840
$
1 w 2 0 27 2096 1594
$
1 d 3 1 24 1339 1616
$
4 a 4 0 28 1786 2224
$
3 s 0 0 23 1712 2278
$
6 a 3 0 22 1862 2320
$
6 a 3 0 22 1958 2352
$
1 d 3 0 24 1254 1616
$
1 d 3 0 24 1254 1616
$
2 a 3 0 22 1190 1840
$
1 w 2 1 26 2096 1605
$
3 s 0 0 23 1712 2278
$
6 a 3 1 22 1864 2320
$
6 a 3 0 22 1990 2352
$
6 a 1 0 22 1872 2320
$
6 a 3 0 22 1990 2352
$
1 d 4 0 24 1242 1616
$
1 w 0 1 26 2096 1615
$
6 a 1 1 22 1874 2320
$
6 a 3 1 22 1992 2352
$
1 d 4 1 24 1498 1520
$
1 d 3 1 24 1535 1520
$
1 s 2 1 23 1552 1529
$
1 w 1 1 26 2096 1625
$
1 w 2 0 26 2096 1626
$
1 w 2 1 26 2096 1637
$
1 d 3 0 24 1222 1616
$
2 a 1 0 22 1200 1840
$
1 w 0 0 26 2096 1638
$
6 a 4 0 22 1882 2320
$
6 a 1 0 22 2000 2352
$
1001 w 2 0 21 1296 858
$
1 d 4 0 24 1338 1616
$
1 w 0 1 26 2096 1647
$
1 d 3 0 24 1222 1616
$
1 w 1 0 26 2096 1648
$
1 d 4 0 24 1210 1616
$
2 s 0 0 23 1168 1830
$
1 d 4 1 24 1329 1616
$
1 w 1 1 26 2096 1657
$
1 d 1 0 24 1328 1616
$
2 a 1 0 22 1200 1840
$
1 w 2 0 26 2096 1658
$
1 s 1 1 23 1456 1487
$
1 d 4 1 24 1460 1520
$
1 d 1 1 24 1486 1520
$
1 d 4 1 24 1523 1520
$
1 d 1 1 23 1549 1520
$
1 a 4 0 26 2106 1648
$
1 d 1 0 24 1200 1616
$
1 w 2 0 26 2096 1658
$
1 w 2 0 26 2096 1658
$
6 s 1 0 28 1424 1968
$
3 d 3 0 23 1350 2064
$
6 a 3 0 22 1414 2096
$
3 d 3 0 23 1350 2096
$
4 w 2 0 22 1680 2202
$
4 a 3 0 22 1798 2224
$
3 s 0 0 23 1712 2278
$
6 a 4 0 22 1882 2320
$
6 w 0 0 21 1232 2310
$
6 a 1 0 22 2000 2352
$
1 w 2 0 24 1200 1626
$
1 w 2 0 24 1200 1626
$
2 s 0 0 23 1168 1830
$
6 s 1 0 28 1424 1968
$
6 a 1 0 22 1424 2096
$
1 w 2 0 21 2096 1978
$
3 s 2 0 23 1712 2266
$
6 d 3 0 21 1222 2288
$
6 a 4 1 22 1886 2320
$
6 a 1 1 22 2002 2352
$
6 a 3 0 22 1894 2320
$
6 a 4 0 22 2010 2352
$
1 w 2 0 21 1200 1658
$
6 s 0 0 28 1424 1958
$
6 a 4 0 21 1178 2288
$
6 a 3 0 22 1830 2320
$
6 s 0 0 22 2000 2342
$
1 d 1 1 24 1319 1616
$
2 s 0 0 22 1200 1830
$
6 a 3 1 22 1896 2320
$
6 a 4 0 22 2010 2352
$
1 w 2 0 21 1200 1658
$
1 w 2 1 21 2096 1978
$
1 s 0 1 23 1456 1412
$
1 s 1 1 23 1456 1449
$
1 s 0 1 23 1456 1475
$
1 s 1 1 24 1456 1512
$
1 d 3 1 24 1474 1520
$
1 d 1 1 24 1511 1520
$
1 s 0 1 23 1584 1508
$
1 w 0 0 21 1200 1670
$
1 w 0 0 21 2096 1990
$
1 w 0 0 21 2096 1990
$
6 a 4 0 22 1434 2096
$
1 w 0 0 21 1200 1638
$
2 a 4 0 22 1210 1840
$
1 w 0 0 21 2096 1990
$
1 w 0 0 21 1200 1670
$
1 w 1 0 21 2096 2000
$
1001 w 1 0 21 1616 848
$
1 w 2 0 21 1200 1690
$
2 s 0 0 23 1168 1830
$
1 w 1 0 21 2096 2000
$
1 d 1 0 24 1232 1616
$
1 w 1 0 21 2096 2000
$
4 a 3 0 22 1798 2224
$
3 s 2 0 23 1712 2266
$
6 a 1 0 22 1904 2320
$
6 a 4 1 22 2014 2352
$
1 w 2 0 21 1200 1690
$
1 w 1 0 21 1200 1680
$
2 a 4 0 22 1210 1840
$
1 w 1 0 21 2096 2000
$
3 s 1 0 23 1712 2256
$
6 a 1 1 22 1906 2320
$
6 a 3 0 22 2022 2352
$
1 s 2 1 23 1456 1337
$
1 s 0 1 23 1456 1374
$
1 s 2 1 23 1456 1400
$
1 s 0 1 23 1456 1437
$
1 s 2 1 23 1456 1463
$
1 s 0 1 23 1456 1500
$
1 d 4 1 24 1529 1488
$
1 d 3 1 24 1566 1488
$
1 s 2 1 23 1584 1496
$
1 s 0 1 23 1584 1533
$
1 d 3 0 21 2086 2000
$
6 a 4 0 22 1914 2320
$
6 a 3 0 22 2022 2352
$
1 w 0 0 21 1200 1702
$
6 a 4 0 22 1914 2320
$
6 a 3 1 22 2024 2352
$
1 w 1 0 21 1200 1712
$
2 a 3 0 22 1222 1840
$
1 a 4 0 21 2106 2000
$
6 a 4 1 22 1918 2320
$
6 a 1 0 22 2032 2352
$
1 w 1 0 21 1200 1680
$
1 a 4 1 21 2106 2000
$
6 s 0 0 28 1424 1958
$
3 d 3 0 23 1350 2064
$
6 a 4 0 22 1434 2096
$
3 d 3 0 23 1350 2096
$
4 w 2 0 22 1648 2202
$
6 w 1 0 21 1232 2320
$
1 w 1 0 21 1200 1648
$
1 a 3 0 22 2118 2000
$
1 a 4 0 21 1210 1712
$
2 a 3 0 22 1222 1840
$
6 s 2 0 23 1424 1946
$
1 a 3 0 22 2118 2000
$
6 w 2 0 24 1200 2266
$
1 d 3 0 24 1318 1616
$
6 s 1 0 23 1424 1936
$
1 a 1 0 22 2128 2000
$
6 w 2 0 21 1168 2298
$
1003 w 0 1 26 1040 1158
$
1 s 1 1 23 1456 1262
$
1 s 2 1 23 1456 1299
$
1 s 1 1 23 1456 1325
$
1 s 2 1 23 1456 1362
$
1 s 1 1 23 1456 1388
$
1 s 2 1 23 1456 1425
$
1 s 1 1 23 1488 1454
$
1 d 4 1 24 1491 1488
$
1 d 1 1 24 1517 1488
$
1 d 4 1 24 1554 1488
$
1 d 1 1 23 1580 1488
$
1 s 2 1 23 1584 1521
$
1 a 1 1 22 1682 1552
$
1 d 4 0 24 2074 2000
$
6 a 3 0 22 1446 2096
$
1001 a 1 0 22 976 1616
$
1 d 3 1 24 1307 1616
$
2 s 0 0 22 1200 1830
$
1 a 1 0 22 2128 2000
$
1 a 4 0 21 1210 1712
$
1 w 2 0 22 2128 2010
$
4 a 1 0 22 1808 2224
$
3 s 1 0 23 1712 2256
$
6 a 3 0 22 1926 2320
$
6 s 1 1 22 2032 2350
$
1 a 3 0 22 1222 1712
$
1 w 2 1 22 2128 2010
$
2 d 4 0 24 1818 1264
$
1 w 1 0 21 1200 1648
$
2 s 0 0 23 1168 1830
$
1 w 0 0 21 2128 2022
$
3 a 4 0 23 1722 2256
$
6 a 3 1 22 1928 2320
$
6 a 4 0 22 2042 2352
$
6 s 1 1 22 1936 2318
$
6 s 0 0 22 2032 2342
$
1001 d 3 0 24 2214 1744
$
1 d 1 0 24 1232 1616
$
1 w 0 0 21 2128 2022
$
6 a 1 0 22 1936 2320
$
6 a 1 0 22 1968 2352
$
1 a 1 0 22 1232 1712
$
2 a 1 0 22 1232 1840
$
1 w 0 0 21 2128 2022
$
6 s 0 0 22 1936 2310
$
6 a 4 0 22 2042 2352
$
1 d 3 1 23 1443 1200
$
1 s 1 1 23 1456 1224
$
1 s 0 1 23 1456 1250
$
1 s 1 1 23 1456 1287
$
1 s 0 1 23 1456 1313
$
1 s 0 1 23 1456 1350
$
1 s 0 1 23 1488 1379
$
1 s 1 1 23 1488 1416
$
1 s 0 1 23 1488 1442
$
1 s 1 1 24 1488 1479
$
1 d 3 1 24 1505 1488
$
1 d 3 1 24 1542 1488
$
1 a 1 1 23 1656 1520
$
1 a 4 1 22 1691 1520
$
1 a 1 1 22 1720 1552
$
1 a 4 1 22 1694 1552
$
1 a 4 1 22 1757 1552
$
2 d 4 1 24 1492 1584
$
2 d 4 1 24 1529 1584
$
1 a 1 0 22 1232 1712
$
1 a 4 1 22 1697 1648
$
1 d 1 0 24 2064 2000
$
1 w 1 0 21 2128 2032
$
4 a 4 0 22 1818 2224
$
3 d 3 0 23 1702 2256
$
6 s 0 0 22 1936 2310
$
6 a 4 0 22 2042 2352
$
1 w 2 0 22 1232 1722
$
1 w 1 0 21 2128 2032
$
1001 w 0 0 21 1008 1638
$
1 a 4 0 22 1242 1712
$
2 s 0 0 22 1200 1830
$
1 w 1 0 21 2128 2032
$
3 a 4 0 23 1722 2256
$
6 s 0 1 22 1936 2306
$
6 a 3 0 22 2054 2352
$
1001 a 1 0 22 976 1744
$
6 s 2 0 23 1936 2298
$
6 s 0 0 22 2000 2342
$
2 d 1 0 24 1808 1264
$
1 d 4 0 24 1306 1616
$
1 w 2 0 21 2128 2042
$
6 s 2 1 23 1936 2296
$
6 a 1 0 22 2064 2352
$
1 d 4 1 24 1297 1616
$
2 s 0 1 23 1168 1826
$
1 w 2 1 21 2128 2042
$
6 s 2 0 23 2000 2330
$
6 a 4 0 22 1946 2320
$
1001 w 1 0 21 1680 848
$
1001 d 3 0 24 2214 1808
$
1001 w 0 0 21 2192 1830
$
1 d 1 0 24 1296 1616
$
1 w 0 0 21 2128 2054
$
1 d 4 1 24 1368 1200
$
1 d 3 1 24 1405 1200
$
1 d 4 1 24 1431 1200
$
1 s 0 1 23 1456 1212
$
1 s 2 1 23 1456 1238
$
1 s 0 1 23 1456 1275
$
1 s 2 1 23 1488 1304
$
1 s 0 1 23 1488 1341
$
1 s 2 1 23 1488 1367
$
1 s 0 1 23 1488 1404
$
1 s 2 1 23 1488 1430
$
1 s 0 1 23 1488 1467
$
1 a 3 1 22 1703 1520
$
1 s 0 1 23 1712 1501
$
1 s 2 1 23 1712 1466
$
1 a 4 1 22 1795 1552
$
1 a 3 1 22 1769 1552
$
1 a 3 1 22 1832 1552
$
1 a 3 1 22 1706 1552
$
1 a 4 1 22 1732 1552
$
1 a 4 1 22 1669 1552
$
2 d 1 1 24 1517 1584
$
2 d 1 1 24 1417 1584
$
2 d 1 1 24 1454 1584
$
1 d 1 0 24 1296 1616
$
4 a 3 1 22 1671 1616
$
4 a 3 1 22 1702 1616
$
1 a 3 1 22 1735 1648
$
1 a 3 1 22 1672 1648
$
1 a 3 1 22 1772 1648
$
1 a 3 1 22 1671 1680
$
1 w 0 0 21 2128 2054
$
1 w 1 0 21 2128 2064
$
1001 a 1 0 22 976 1680
$
1 w 1 1 24 1296 1625
$
2 a 1 0 22 1232 1840
$
1 w 1 0 21 2128 2064
$
1 w 2 0 24 1296 1626
$
1 w 1 0 21 2128 2064
$
2 d 1 0 24 1808 1264
$
1 w 2 0 24 1296 1626
$
2 s 0 0 22 1232 1830
$
1 d 3 0 24 2086 2096
$
1 a 4 0 22 1242 1712
$
1 d 3 0 24 2086 2096
$
1001 d 3 0 24 2214 1872
$
6 s 1 0 23 1424 1936
$
3 d 3 0 23 1350 2064
$
6 a 1 0 22 1456 2096
$
3 d 3 0 23 1350 2096
$
4 w 2 0 22 1680 2202
$
4 a 4 0 22 1818 2224
$
3 d 3 0 23 1702 2256
$
6 d 3 0 21 1222 2288
$
6 a 1 0 22 1904 2320
$
6 a 1 0 22 2064 2352
$
1003 w 2 1 21 1072 1983
$
1 w 2 0 24 1296 1626
$
1 d 3 0 21 2118 2032
$
1 w 2 0 24 1296 1626
$
2 a 4 0 22 1242 1840
$
6 s 0 0 23 1424 1926
$
6 a 1 0 22 1456 2096
$
3 d 3 0 23 1702 2256
$
6 a 1 0 22 1872 2320
$
6 w 2 0 21 1168 2298
$
6 s 1 0 23 2000 2320
$
1 d 1 1 24 1293 1200
$
1 d 4 1 24 1330 1200
$
1 d 1 1 24 1356 1200
$
1 d 4 1 24 1393 1200
$
1 d 1 1 24 1419 1200
$
1 s 1 1 23 1456 1200
$
1 s 1 1 23 1488 1229
$
1 s 2 1 23 1488 1266
$
1 s 1 1 23 1488 1292
$
1 s 2 1 23 1488 1329
$
1 s 1 1 23 1488 1355
$
1 s 1 1 23 1488 1392
$
1 s 1 1 23 1712 1454
$
1 s 2 1 23 1712 1426
$
1 s 1 1 23 1712 1391
$
1 a 3 1 22 1678 1520
$
1 a 3 1 22 1870 1552
$
1 a 1 1 22 1844 1552
$
1 a 1 1 22 1907 1552
$
1 a 1 1 22 1781 1552
$
1 a 3 1 22 1807 1552
$
1 a 1 1 22 1744 1552
$
1 d 4 1 24 1490 1552
$
1 d 3 1 24 1478 1552
$
2 d 3 1 24 1442 1584
$
2 d 3 1 24 1341 1584
$
2 d 3 1 24 1379 1584
$
2 d 3 1 24 1505 1584
$
4 a 1 1 22 1746 1616
$
4 a 1 1 22 1777 1616
$
1 a 1 1 22 1684 1648
$
1 a 3 1 22 1710 1648
$
2 d 4 1 24 1522 1648
$
1 a 4 1 22 1722 1648
$
1 a 1 1 22 1810 1648
$
2 d 4 1 24 1497 1648
$
1 a 1 1 22 1747 1648
$
1 a 1 1 22 1847 1648
$
1 w 0 1 21 1648 1678
$
1 w 1 1 21 1680 1746
$
1 d 4 0 24 2074 2096
$
6 a 4 0 22 1466 2096
$
6 s 1 0 23 1936 2288
$
6 s 0 0 22 2064 2342
$
1 a 4 0 21 1210 1680
$
6 a 4 0 23 1434 1936
$
1 d 4 0 24 2074 2096
$
6 w 2 0 24 1200 2266
$
6 a 1 1 23 1938 2288
$
6 a 4 0 23 2010 2320
$
1003 w 1 1 26 1040 1398
$
6 a 4 0 23 1434 1936
$
6 w 2 0 21 1168 2298
$
1 w 2 0 22 1232 1722
$
2 s 2 1 23 1168 1816
$
1 d 1 0 24 2064 2096
$
6 s 0 0 22 1808 2310
$
6 a 4 0 22 2074 2352
$
1 a 4 0 21 1210 1680
$
1 d 1 0 24 2064 2096
$
2 s 0 0 24 1808 1254
$
1 w 2 0 24 1232 1626
$
1 w 0 0 21 1232 1734
$
2 s 0 0 22 1232 1830
$
1 a 4 0 21 1210 1648
$
1 d 3 1 24 1218 1200
$
1 d 1 1 24 1255 1200
$
1 d 3 1 24 1281 1200
$
1 d 3 1 24 1318 1200
$
1 d 3 1 24 1344 1200
$
1 d 3 1 24 1381 1200
$
1 d 3 1 23 1474 1168
$
1 s 1 1 23 1488 1191
$
1 s 0 1 23 1488 1217
$
1 s 0 1 23 1488 1254
$
1 s 0 1 23 1488 1280
$
1 s 0 1 23 1488 1317
$
1 s 0 1 23 1712 1379
$
1 s 1 1 23 1712 1351
$
1 s 0 1 23 1712 1316
$
1 s 1 1 23 1712 1479
$
1 s 1 1 22 1936 1543
$
1 a 4 1 22 1919 1552
$
1 s 0 1 23 1936 1506
$
1 a 4 1 22 1856 1552
$
1 a 4 1 22 1882 1552
$
1 a 4 1 22 1819 1552
$
1 s 1 1 24 1424 1543
$
1 s 0 1 23 1424 1531
$
2 d 1 1 24 1354 1584
$
2 d 4 1 24 1267 1584
$
2 d 4 1 24 1304 1584
$
2 d 1 1 24 1479 1584
$
2 d 4 1 24 1430 1584
$
2 d 3 1 24 1467 1584
$
4 a 1 1 22 1689 1616
$
4 a 1 1 22 1721 1616
$
4 a 4 1 22 1733 1616
$
4 a 4 1 22 1821 1616
$
4 a 4 1 22 1852 1616
$
1 a 4 1 22 1759 1648
$
1 a 1 1 22 1785 1648
$
2 d 1 1 24 1447 1648
$
1 a 4 1 22 1797 1648
$
1 a 4 1 22 1885 1648
$
2 d 1 1 24 1422 1648
$
2 d 1 1 24 1479 1648
$
2 d 3 1 24 1510 1648
$
1 a 4 1 22 1822 1648
$
1 a 4 1 22 1922 1648
$
2 d 1 1 21 1543 1680
$
3 w 2 1 21 1584 1665
$
1 a 4 1 21 1658 1680
$
1 w 1 1 21 1680 1721
$
1 w 2 1 21 1680 1821
$
1 d 3 0 24 2054 2096
$
6 a 4 0 22 1466 2096
$
1 d 3 0 24 2054 2096
$
1 w 2 1 21 1296 1637
$
2 a 1 1 23 1170 1808
$
1 w 1 0 21 1232 1744
$
4 a 4 0 22 1818 2224
$
3 a 4 0 23 1722 2256
$
6 s 0 0 22 1904 2310
$
6 s 0 0 23 2000 2310
$
1 s 0 0 22 1232 1702
$
2 s 0 0 24 1808 1254
$
1 w 2 0 24 1232 1626
$
2 a 4 0 22 1242 1840
$
1 w 2 0 21 2128 2074
$
3 a 4 0 23 1722 2256
$
6 a 4 0 23 1946 2288
$
6 s 0 0 22 2064 2342
$
1001 w 0 1 21 1616 902
$
1001 d 4 1 24 2106 1168
$
6 s 2 0 23 1808 2298
$
6 d 3 0 23 1990 2320
$
1 s 0 0 22 1232 1702
$
6 d 3 0 23 1926 2288
$
6 a 4 0 22 2074 2352
$
1 w 0 0 21 1296 1638
$
2 s 0 0 22 1232 1830
$
1 w 2 1 21 2128 2074
$
6 d 3 0 23 1926 2288
$
6 a 4 0 23 2010 2320
$
1 s 0 1 23 1168 1180
$
1 d 3 1 24 1180 1200
$
1 d 4 1 24 1206 1200
$
1 d 3 1 24 1243 1200
$
1 d 4 1 24 1269 1200
$
1 d 4 1 24 1306 1200
$
1 d 3 1 24 1404 1168
$
1 d 3 1 24 1436 1168
$
1 d 4 1 24 1462 1168
$
1 s 0 1 23 1488 1179
$
1 s 2 1 23 1488 1205
$
1 s 2 1 23 1488 1242
$
1 s 2 1 23 1712 1304
$
1 s 0 1 23 1712 1276
$
1 s 0 1 23 1712 1244
$
1 s 0 1 23 1712 1404
$
1 s 0 1 23 1936 1468
$
1 s 2 1 23 1936 1494
$
1 s 0 1 23 1936 1436
$
1 a 3 1 22 1931 1552
$
1 s 0 1 23 1936 1531
$
1 d 4 1 24 1466 1552
$
1 a 3 1 22 1894 1552
$
1 s 0 1 23 1424 1468
$
1 s 1 1 23 1424 1456
$
2 d 1 1 24 1292 1584
$
2 s 1 0 23 1232 1552
$
2 d 3 1 24 1244 1584
$
2 d 3 1 24 1404 1584
$
2 d 4 1 24 1367 1584
$
2 d 1 1 24 1392 1584
$
1 a 4 0 21 1210 1648
$
4 a 4 1 22 1764 1616
$
4 a 4 1 22 1796 1616
$
4 a 1 1 22 1808 1616
$
4 a 3 1 22 1896 1616
$
4 a 4 1 22 1924 1616
$
1 a 3 1 22 1834 1648
$
1 a 4 1 22 1860 1648
$
2 w 2 1 21 1392 1668
$
1 a 1 1 22 1872 1648
$
1 w 0 1 21 1936 1672
$
2 w 2 1 21 1392 1693
$
2 d 3 1 24 1404 1648
$
2 d 3 1 24 1435 1648
$
2 d 3 1 24 1467 1648
$
1 a 3 1 22 1897 1648
$
1 w 2 1 21 1936 1700
$
2 d 3 1 24 1468 1680
$
3 w 0 1 21 1584 1677
$
3 w 2 1 21 1584 1700
$
3 w 0 1 21 1584 1738
$
1 w 2 1 21 1680 1700
$
1 w 2 1 21 1680 1733
$
1 w 2 1 21 1680 1796
$
1 w 0 1 21 1680 1896
$
1 d 4 0 24 2042 2096
$
1 d 4 0 24 2042 2096
$
1 w 1 0 21 1232 1744
$
1 a 4 0 22 1242 1712
$
2 s 0 0 22 1232 1830
$
2 s 0 0 24 1808 1254
$
1 a 4 0 21 1210 1680
$
1 w 0 0 21 2128 2086
$
1003 w 0 1 26 1040 1578
$
1001 w 1 1 21 1616 977
$
1001 d 1 1 24 2031 1168
$
1 w 2 0 24 1232 1626
$
2 a 4 0 23 1178 1808
$
1 w 2 0 21 1232 1754
$
1 w 0 0 21 2128 2086
$
1001 d 1 0 24 2224 1296
$
6 a 4 0 23 1434 1936
$
3 d 3 0 23 1350 2064
$
6 a 3 0 22 1478 2096
$
3 d 3 0 23 1350 2096
$
4 w 2 0 22 1680 2202
$
4 a 4 0 22 1818 2224
$
3 d 3 0 23 1702 2256
$
6 a 4 0 23 1946 2288
$
6 d 3 0 21 1222 2320
$
6 a 4 0 22 2074 2352
$
1003 a 3 1 22 1103 2192
$
1003 a 3 1 22 1551 2320
$
1 s 2 1 23 1168 1105
$
1 s 2 1 23 1168 1137
$
1 s 0 1 23 1168 1155
$
1 d 1 1 24 1168 1200
$
1 d 1 1 24 1194 1200
$
1 d 1 1 24 1231 1200
$
1 s 2 1 23 1360 1137
$
1 d 4 1 24 1361 1168
$
1 d 3 1 24 1379 1168
$
1 d 1 1 24 1424 1168
$
1 d 1 1 24 1450 1168
$
1 d 1 1 23 1487 1168
$
1 s 0 1 23 1712 1219
$
1 s 2 1 23 1712 1201
$
1 s 2 1 23 1712 1169
$
1 s 2 1 23 1712 1329
$
1 s 2 1 23 1936 1393
$
1 s 1 1 23 1936 1424
$
1 a 3 1 22 1967 1392
$
1 s 1 1 23 1936 1482
$
1 s 1 1 23 1936 1456
$
1 s 1 1 23 1424 1519
$
1 s 1 1 23 1936 1519
$
1 s 2 1 23 1424 1393
$
1 d 3 1 23 1413 1392
$
2 s 2 0 23 1232 1562
$
2 s 2 1 23 1232 1489
$
2 s 2 1 23 1232 1521
$
2 d 4 1 24 1329 1584
$
2 d 3 1 24 1280 1584
$
2 d 3 1 24 1317 1584
$
4 a 3 1 22 1839 1616
$
4 a 3 1 22 1871 1616
$
1 s 0 0 22 1232 1702
$
4 a 4 1 22 1883 1616
$
4 a 3 1 22 1967 1616
$
4 w 0 1 21 1968 1647
$
1 a 1 1 22 1909 1648
$
1 a 3 1 22 1935 1648
$
2 w 0 1 21 1392 1743
$
1 w 2 1 22 1936 1659
$
1 w 0 1 21 1936 1743
$
2 w 0 1 21 1392 1768
$
2 w 0 1 21 1392 1711
$
2 w 1 1 21 1392 1680
$
2 d 1 1 24 1392 1648
$
3 w 2 1 21 1584 1725
$
1 w 1 1 21 1936 1684
$
1 a 3 1 22 1967 1744
$
2 w 0 1 21 1424 1711
$
3 w 2 1 21 1584 1763
$
3 w 0 1 21 1584 1775
$
3 d 4 1 24 1553 1776
$
1 w 0 1 21 1680 1775
$
1 w 1 1 21 1680 1808
$
1 w 0 1 21 1680 1871
$
1 a 3 1 22 1743 1904
$
6 w 0 1 21 1168 1935
$
1 s 0 0 24 2032 2086
$
2 a 4 0 43 1914 2064
$
1 d 1 0 24 2032 2096
$
2 a 3 1 22 1391 2224
$
1 a 4 0 21 1242 1744
$
2 s 0 0 22 1232 1830
$
6 s 0 0 23 1424 1926
$
6 a 3 0 22 1478 2096
$
3 d 3 0 23 1702 2256
$
6 a 4 0 23 1946 2288
$
6 s 0 0 23 2000 2310
$
6 d 3 0 21 1222 2320
$
1001 w 2 0 21 1040 858
$
1001 a 4 0 22 1082 880
$
1001 w 2 0 21 1168 858
$
1001 w 2 0 21 1232 858
$
1001 d 3 0 24 1958 880
$
1001 w 2 0 21 2000 858
$
1001 d 3 0 24 2150 880
$
1001 w 2 0 21 2192 890
$
1001 a 4 0 22 986 976
$
1001 w 0 0 21 2192 934
$
1001 a 4 0 22 986 1040
$
1001 a 4 0 22 986 1104
$
1001 w 1 0 21 1008 1136
$
1001 a 4 0 22 986 1232
$
2 s 0 0 24 1808 1254
$
1001 a 4 0 22 986 1296
$
1001 d 3 0 24 2214 1488
$
1001 d 3 0 24 2214 1552
$
1001 a 4 0 22 986 1616
$
1001 d 3 0 24 2214 1616
$
1 w 2 0 24 1232 1626
$
1 d 3 0 24 1286 1616
$
1 a 4 0 26 2106 1648
$
1001 a 4 0 22 986 1680
$
1 a 4 0 21 1210 1680
$
1 w 0 1 21 1296 1647
$
1 a 3 0 22 2118 1648
$
1001 s 0 0 28 2192 1702
$
1 a 4 0 22 1242 1712
$
1 a 4 0 21 1242 1744
$
1001 d 3 0 24 2214 1744
$
1 w 2 0 21 1232 1754
$
1 d 3 0 21 1286 1776
$
2 a 4 0 23 1178 1808
$
2 s 0 0 22 1232 1830
$
1001 w 2 0 21 2192 1786
$
2 a 4 0 22 1242 1840
$
6 w 2 0 24 1456 1882
$
6 w 2 0 24 1488 1882
$
6 a 4 0 23 1434 1936
$
6 d 3 0 23 1510 1936
$
6 a 4 0 22 2010 1936
$
6 s 0 0 22 1584 1990
$
6 s 0 0 22 1616 1990
$
6 s 0 0 22 1648 1990
$
1 s 0 0 22 1712 1990
$
1 s 0 0 22 1744 1990
$
6 w 2 0 22 2000 1946
$
6 s 0 0 22 2032 1990
$
6 s 1 0 23 1872 2032
$
6 s 1 0 23 1904 2032
$
6 d 3 0 23 1542 2032
$
1 w 2 0 21 2096 2010
$
3 d 3 0 23 1350 2064
$
6 s 0 0 22 1520 2086
$
1 w 1 0 21 2128 2096
$
3 d 3 0 23 1350 2096
$
2 s 0 0 28 1968 2118
$
6 w 2 0 22 1520 2106
$
6 w 2 0 22 1552 2106
$
6 w 2 0 22 1584 2106
$
4 w 2 0 22 1840 2170
$
4 w 2 0 22 1904 2170
$
1001 s 1 0 23 2192 2224
$
4 w 2 0 22 1648 2202
$
4 w 2 0 22 1680 2202
$
3 w 2 0 22 1744 2202
$
4 a 4 0 22 1818 2224
$
4 w 2 0 21 1872 2202
$
4 d 3 0 21 1926 2224
$
3 d 3 0 23 1702 2256
$
3 a 4 0 23 1722 2256
$
6 d 3 0 23 1926 2256
$
6 a 4 0 23 1946 2256
$
6 w 2 0 24 2000 2234
$
6 w 2 0 24 2032 2234
$
1001 s 0 0 23 2192 2278
$
6 w 2 0 24 1200 2266
$
6 s 1 0 23 1808 2288
$
6 s 0 0 22 1872 2310
$
6 s 0 0 22 1904 2310
$
6 a 4 0 23 1946 2288
$
6 s 0 0 23 2000 2310
$
6 d 3 0 24 2054 2288
$
6 w 2 0 24 1104 2298
$
6 w 2 0 24 1136 2298
$
6 w 2 0 21 1168 2298
$
6 s 0 0 24 1200 2342
$
6 a 4 0 22 1946 2320
$
6 a 4 0 23 2010 2320
$
6 w 2 0 24 2064 2298
$
6 w 2 0 24 2096 2298
$
6 a 4 0 22 1114 2352
$
6 d 3 0 24 1190 2352
$
6 a 4 0 22 2074 2352
$
6 w 2 0 24 2128 2330
$
1001 s 0 0 23 1520 2438
$
1001 s 0 0 23 1584 2438
$
1001 s 0 0 23 1648 2438
$
1001 s 0 0 28 1808 2438
$
1001 d 1 0 24 1936 2416
$
1001 s 0 0 23 1968 2438
$
1001 s 0 0 23 2032 2438
$
1001 w 2 0 21 1040 858
$
1001 w 2 0 21 1104 858
$
1001 w 2 0 21 1168 858
$
1001 a 4 0 22 1210 880
$
1001 d 4 0 24 1914 880
$
1001 d 3 0 24 1958 880
$
1001 w 2 0 21 2000 858
$
1001 d 3 0 24 2150 880
$
1001 d 3 0 24 2214 912
$
1001 w 2 0 26 1008 954
$
1001 w 1 0 21 2192 944
$
1001 a 4 0 22 986 1040
$
1001 d 3 0 24 2214 1040
$
1001 a 4 0 22 986 1104
$
1001 a 4 0 22 986 1168
$
1001 a 4 0 22 986 1232
$
1001 a 4 0 22 986 1296
$
1001 a 4 0 22 986 1360
$
1001 s 1 0 28 2192 1584
$
1001 a 4 0 22 986 1616
$
1001 d 3 0 24 2214 1616
$
1001 w 1 0 21 1008 1648
$
1001 d 3 0 24 2214 1680
$
1001 d 3 0 24 2214 1744
$
1001 a 4 0 22 986 1808
$
1001 d 3 0 24 2214 1808
$
1001 s 0 0 23 2192 2214
$
1001 d 3 0 24 2214 2256
$
1001 s 0 0 23 1520 2438
$
1001 s 0 0 23 1648 2438
$
1001 s 0 0 28 1808 2438
$
1001 d 3 0 24 1926 2416
$
1001 d 3 0 24 1990 2416
$
1001 s 0 0 23 2032 2438
$
1001 a 4 0 22 1082 880
$
1001 a 4 0 22 1146 880
$
1001 w 2 0 21 1232 858
$
1001 w 2 0 21 1936 858
$
1001 w 2 0 21 2192 890
$
1001 a 4 0 22 986 976
$
1001 d 3 0 24 2214 976
$
1001 w 0 0 26 1008 998
$
1001 w 2 0 21 1008 1082
$
1001 w 2 0 21 1008 1146
$
1001 d 3 0 24 2214 1488
$
1001 d 3 0 24 2214 1552
$
1001 s 1 0 28 2192 1648
$
1001 a 4 0 22 986 1680
$
1001 s 0 0 28 2192 1702
$
1001 w 2 0 21 2192 1786
$
1001 d 3 0 24 2214 2192
$
1001 s 0 0 23 2192 2278
$
1001 s 0 0 23 1584 2438
$
1001 d 1 0 29 1744 2416
$
1001 d 3 0 24 1862 2416
$
1001 s 0 0 23 1904 2438
$
1001 s 0 0 23 1968 2438
$
1001 s 0 0 28 2192 1638
$
1001 d 3 0 24 2214 1168
$
1001 s 0 0 24 1904 2118
$
2 s 0 0 24 1808 1254
$
1 w 2 0 24 1232 1626
$
1 d 3 0 24 1286 1616
$
1 a 4 0 21 1210 1680
$
1 w 1 0 21 1296 1648
$
1 a 1 0 22 2128 1648
$
1 d 3 0 21 1286 1712
$
1 a 4 0 21 1242 1744
$
1 w 2 0 21 1232 1754
$
1 d 3 0 21 1286 1776
$
2 a 4 0 23 1178 1808
$
2 a 4 0 22 1242 1840
$
6 w 2 0 24 1456 1882
$
6 w 2 0 24 1488 1882
$
6 a 4 0 23 1434 1936
$
6 d 3 0 23 1510 1936
$
6 s 0 0 22 1584 1990
$
6 s 0 0 22 1616 1990
$
6 s 0 0 22 1648 1990
$
1 s 0 0 22 1744 1990
$
6 w 2 0 22 2000 1946
$
6 s 0 0 22 2032 1990
$
6 s 0 0 23 1872 2022
$
6 s 0 0 23 1904 2022
$
6 d 3 0 23 1542 2032
$
1 d 3 0 21 2118 2032
$
3 d 3 0 23 1350 2064
$
6 d 3 0 23 1542 2064
$
1 w 1 0 21 2128 2096
$
2 s 0 0 28 1968 2118
$
6 w 2 0 22 1520 2106
$
6 w 2 0 22 1584 2106
$
4 w 2 0 22 1840 2170
$
4 a 4 0 21 1882 2192
$
4 w 2 0 22 1680 2202
$
3 w 2 0 22 1744 2202
$
4 a 4 0 22 1818 2224
$
4 d 3 0 21 1926 2224
$
3 d 3 0 23 1702 2256
$
6 a 4 0 23 1946 2256
$
6 w 2 0 24 2000 2234
$
6 w 2 0 24 2032 2234
$
6 a 4 0 21 1178 2288
$
6 a 4 0 23 1818 2288
$
6 s 0 0 22 1872 2310
$
6 s 0 0 22 1904 2310
$
6 a 4 0 23 1946 2288
$
6 d 3 0 24 2054 2288
$
6 a 4 0 21 1082 2320
$
6 w 2 0 24 1136 2298
$
6 w 2 0 21 1168 2298
$
6 s 0 0 24 1200 2342
$
6 a 4 0 22 1946 2320
$
6 a 4 0 23 2010 2320
$
6 s 0 0 22 2064 2342
$
6 w 2 0 24 2096 2298
$
6 a 4 0 22 1114 2352
$
6 s 0 0 22 2096 2374
$
6 w 2 0 24 2128 2330
$
1001 a 4 0 22 1082 880
$
1001 a 4 0 22 1146 880
$
1001 a 4 0 22 1210 880
$
1001 d 3 0 24 1958 880
$
1001 w 2 0 21 2192 954
$
1001 w 1 0 26 1008 1008
$
1001 w 0 0 21 2192 998
$
1001 w 2 0 21 1008 1082
$
1001 w 2 0 21 1008 1146
$
1001 w 0 0 21 1008 1190
$
1001 s 1 0 28 2192 1584
$
1001 w 2 0 21 1008 1658
$
1001 s 0 0 23 2192 2214
$
1001 d 3 0 24 1926 2416
$
1001 d 3 0 24 1990 2416
$
1001 a 4 0 22 986 2192
$
1001 d 3 0 29 1734 2416
$
1001 d 4 0 24 1850 2416
$
1 a 4 0 21 1210 1648
$
1 d 4 0 24 1274 1616
$
1 s 0 0 22 1232 1702
$
1 d 3 0 21 1286 1744
$
1 w 2 0 21 1232 1754
$
2 s 0 0 22 1200 1830
$
6 s 0 0 23 1424 1926
$
6 d 3 0 23 1510 1904
$
6 a 4 0 23 1434 1936
$
6 a 4 0 23 1978 1968
$
1 d 3 0 21 2118 2096
$
6 w 2 0 22 1584 2106
$
4 a 4 0 23 1818 2192
$
4 d 3 0 21 1926 2192
$
4 s 0 0 28 1840 2246
$
6 d 3 0 23 2054 2256
$
6 w 2 0 24 1200 2266
$
6 s 0 0 22 1840 2310
$
6 d 3 0 23 1926 2288
$
6 s 0 0 23 2000 2310
$
6 s 0 0 22 1104 2342
$
6 d 3 0 21 1222 2320
$
6 a 4 0 22 1946 2320
$
6 s 0 0 22 2032 2342
$
6 s 0 0 22 2064 2342
$
6 d 3 0 24 2118 2320
$
6 s 0 0 22 2128 2374
$
1001 s 0 0 23 1264 2438
$
1001 a 4 0 22 1146 880
$
1001 a 4 0 22 1210 880
$
1001 w 2 0 21 1424 858
$
1001 w 2 0 21 2192 954
$
1001 w 2 0 26 1008 1018
$
1001 w 2 0 21 1008 1082
$
1001 w 2 0 21 1008 1146
$
1001 w 1 0 21 1008 1200
$
1001 s 2 0 23 2192 1530
$
1001 s 0 0 28 2192 1574
$
1001 s 0 0 23 2192 2214
$
1001 d 3 0 24 1926 2416
$
1001 w 2 0 22 1584 1178
$
1001 d 1 1 24 1966 1168
$
2 s 0 0 24 1808 1254
$
1 d 4 0 24 1274 1616
$
1 a 4 0 22 2138 1648
$
6 s 2 0 23 1424 1914
$
6 s 0 0 22 2000 1990
$
6 s 0 0 23 1872 2022
$
6 s 0 0 23 1904 2022
$
6 d 3 0 23 1542 2064
$
1 d 3 0 21 2118 2096
$
4 d 3 0 21 1862 2192
$
6 d 3 0 21 1222 2288
$
6 s 0 0 22 1968 2342
$
6 d 3 0 23 2150 2352
$
1001 d 4 0 29 1722 2416
$
1001 d 1 0 24 1840 2416
$
1001 a 4 0 22 986 1936
$
1 d 1 0 24 1264 1616
$
1 a 4 0 22 2138 1648
$
6 s 1 0 23 1424 1904
$
1 d 3 1 21 2118 2096
$
6 d 3 0 23 1990 2320
$
1001 a 4 0 22 1146 880
$
1001 a 4 0 22 1210 880
$
1001 w 2 0 21 1008 1082
$
1001 w 2 0 21 1008 1146
$
1001 w 2 0 21 1008 1210
$
1001 s 1 0 23 2192 1520
$
1001 d 3 0 24 1926 2416
$
1001 d 1 0 29 1712 2416
$
1001 d 3 0 24 1830 2416
$
1 d 1 0 24 1264 1616
$
6 s 1 0 23 1424 1904
$
1 d 4 0 24 2106 2096
$
1001 a 4 0 22 1210 880
$
1001 w 2 0 21 1008 1082
$
1001 w 2 0 21 1008 1146
$
1001 w 2 0 21 1008 1210
$
1001 s 0 0 23 2192 1510
$
1001 w 2 0 21 1552 858
$
1 w 2 0 24 1264 1626
$
6 a 4 0 23 1434 1904
$
1 d 4 0 24 2106 2096
$
1001 d 3 0 29 1702 2416
$
1001 d 3 0 24 1830 2416
$
1001 a 4 0 22 1210 880
$
1001 w 2 0 21 1008 1146
$
1001 w 2 0 21 1008 1210
$
1001 d 4 0 24 1626 2416
$
1 d 1 1 21 1287 1648
$
2 a 4 0 22 1242 1840
$
1 d 3 0 21 2118 2064
$
1 w 2 0 21 1296 1658
$
1 d 4 0 24 2106 2096
$
1001 w 2 0 21 1008 1146
$
1001 w 2 0 21 1008 1210
$
1001 d 1 0 24 1616 2416
$
1001 d 4 0 29 1690 2416
$
1001 d 3 0 24 1830 2416
$
1 w 2 0 21 1296 1658
$
1 d 1 0 24 2096 2096
$
1001 w 2 0 21 1008 1210
$
1001 d 3 0 24 1606 2416
$
1001 d 1 0 29 1680 2416
$
1 w 2 0 24 1264 1626
$
1 w 2 0 21 2096 2010
$
1001 w 2 0 21 1008 1210
$
1001 w 0 0 21 1008 1254
$
1001 d 3 0 24 1606 2416
$
1 s 2 1 23 1168 1009
$
1 s 2 1 23 1168 1041
$
1 s 2 1 23 1168 1073
$
1 s 0 1 23 1168 1093
$
1 s 0 1 23 1168 1125
$
1 s 1 1 23 1168 1168
$
1 d 4 1 24 1329 1072
$
1 s 2 1 23 1360 1073
$
1 s 2 1 23 1360 1105
$
1 d 4 1 24 1329 1168
$
1 d 1 1 24 1351 1168
$
1 d 1 1 24 1392 1168
$
1 s 2 1 23 1712 1137
$
1 s 2 1 23 1712 1105
$
1 a 3 1 22 1743 1104
$
1 s 1 1 23 1712 1232
$
1 d 4 1 24 1905 1328
$
1 s 2 1 23 1936 1329
$
1 a 3 1 22 2031 1360
$
1 s 0 1 23 1936 1381
$
1 a 4 1 22 1979 1392
$
1 s 2 1 23 1424 1425
$
1 s 0 1 23 1936 1412
$
1 d 4 1 24 1329 1392
$
1 d 3 1 24 1317 1392
$
2 s 0 1 23 1232 1477
$
2 d 4 1 24 1169 1456
$
2 d 4 1 24 1201 1456
$
2 s 0 0 24 1232 1574
$
2 d 4 1 24 1201 1584
$
2 d 4 1 24 1233 1584
$
4 a 1 1 22 1936 1616
$
4 a 1 1 22 1977 1616
$
4 w 2 1 22 1968 1627
$
4 w 0 1 21 1968 1711
$
4 a 3 1 22 1999 1712
$
1 w 1 1 21 1936 1712
$
1 a 4 1 21 1947 1744
$
2 d 4 1 24 1361 1808
$
3 w 1 1 21 1584 1712
$
3 w 1 1 21 1584 1750
$
1 w 1 1 21 1936 1753
$
1 a 3 1 22 2031 1744
$
2 d 3 1 24 1349 1808
$
2 w 0 1 21 1392 1807
$
2 w 1 1 21 1392 1780
$
2 w 2 1 21 1392 1755
$
3 w 2 1 24 1552 1787
$
1 w 0 1 21 1936 1775
$
1 w 0 1 21 2032 1775
$
2 w 0 1 21 1424 1807
$
3 w 0 1 21 1552 1807
$
3 w 0 1 21 1552 1839
$
3 w 0 1 21 1552 1871
$
1 w 2 1 21 1680 1883
$
1 a 1 1 21 1684 1904
$
1 a 4 1 22 1755 1904
$
6 w 0 1 21 1168 1958
$
1 a 3 1 22 1807 1936
$
6 w 0 1 21 1168 1999
$
6 w 1 1 21 1168 1968
$
6 w 2 1 21 1168 1947
$
6 a 3 1 22 1231 1968
$
1 w 2 0 24 2064 2010
$
6 s 0 0 22 1488 2086
$
2 a 3 0 22 1926 2064
$
1 s 2 0 23 2032 2074
$
2 d 4 1 24 1617 2320
$
2 d 4 1 24 1649 2320
$
2 w 0 1 21 1424 2287
$
1001 d 3 0 29 1670 2416
$
1 w 2 0 21 1296 1658
$
1 w 2 0 22 2128 1658
$
1 d 1 0 24 2096 2096
$
1001 w 1 0 21 1008 1264
$
1001 d 4 0 24 1562 2416
$
1001 d 3 0 24 1606 2416
$
1001 a 4 1 22 1053 1872
$
1 w 0 0 21 1296 1670
$
1 w 2 0 22 2128 1658
$
1001 w 2 0 21 1008 1274
$
1001 d 3 0 24 2214 2192
$
1001 d 1 0 24 1552 2416
$
1001 d 3 0 24 2214 1232
$
1001 a 3 1 22 1068 1872
$
1 w 0 0 21 1296 1670
$
2 a 4 0 22 1242 1840
$
1 s 0 0 24 2096 2086
$
1001 s 0 0 23 1136 2438
$
1001 w 2 0 21 1680 858
$
1001 w 2 1 21 1616 1147
$
1001 w 2 1 24 1872 1179
$
1003 a 4 1 22 1659 2352
$
1 w 1 0 21 1296 1680
$
1 s 0 0 24 2096 2086
$
4 a 4 0 22 1818 2224
$
3 a 4 0 23 1722 2256
$
6 a 4 0 23 1818 2288
$
6 a 4 0 22 2074 2352
$
1001 s 0 0 23 1328 2438
$
1 d 3 0 21 1286 1680
$
1 s 0 0 24 2096 2086
$
6 a 4 0 23 1946 2288
$
6 s 0 0 22 2064 2342
$
1001 a 4 0 22 986 1872
$
1001 d 3 0 24 2214 2256
$
6 d 3 0 23 1926 2288
$
6 a 4 0 22 2074 2352
$
1001 s 0 0 23 2192 2214
$
1 d 3 0 21 1286 1680
$
1 s 0 0 24 2096 2086
$
1001 a 4 0 22 986 1744
$
1001 s 1 1 23 2192 1195
$
1001 s 1 1 23 1008 1962
$
1001 a 1 1 22 1113 1872
$
&