0000200000000000000000000000000004240000000000000200101000020000000030000020000000000000000006002000
0002220000000100000004000000000000200003000000001200004000220005500000000005000000000000666000002200
0000000000000444000044005000000500000033000000111200004402200005000000555555000000005502222000222200
0000000000000000000044033020000500055030000000011200000400000000000000550000000000000500000000000000
0000000004400000300044033020000550005030000001111000033400000000000000000002200000000200000000000000
0000000004000066330000003333060555005630000011000000033400050000000000000002200000000200000000000000
3000066104000066000033003333060555300633033000000004003200050044401000220002202000022250000000000000
0000011100003333000033303533060055303333013330000004000200000044411100222022222000003550000000000000
0000066110040363000033663500066005330033013330000044442200000004400111000000222000033500000000500000
0000066110066660000000003300066000033330000000040330004440040000440003000444023300500000000400500000
0000000000666000000000006300033000020033000444440030044000044440000003000044020305555000000405544010
0000066550600000000000006333333000220003022444400330044000004040000333004444220355005000000000444440
0000066050600000000000000003335500224400222200006555000000004000000333000004400344000000330020000000
0000100000330000000666000000055520203440000200006220000000044000550000000000400444400000300022222000
0550111000300003300666000000551120033540002201000020000000000005550000000050100000005555500002222000
0555011000300003333300000000000020005540000011066000000000533056500000000411100000000040400000022000
0500000000300003000000000000000220000000000011066000020200533066060000011411100005000044455500000000
0000000000000044000000000000005550005500000600066660222225500066660000111100001005550500055500000000
0000102002000000000013000002245000005500006600000660000330000066000006001005001111155522005500000000
1110112002244000001113300042244000004440000660000000000336000660000006000555000005555442222000200000
0022212204440000001120204440054400044440066660000000022336006660600006004444040002000044422000220000
0011000055042222001122204450555500000000000066000000002233042066600066022224440022000004400000020000
0000020055000220001120266550555555500000000000000000002233041550004400000220044400000002000000003330
0000220000302220003320006005500555500000663000060000000000111055404000000226640000220002220000113300
0000200000300222221020000002200555555506333006660000033022100005400000000006600000220000220000000000
4000222033300000001000060000660005555555005516112206033002110054400000000000400000003300000000000300
0033102200000002222066660000050000000000000010011226003002100504440400022000400000050400000000550300
0033110000000022240460260000550000000044400010020226603000000544044400002000400030050400000000550000
0000010000000000224400226000000000000044400000222200600000005550000000000002255033054400000000000000
0000010000040000220000221100000000000100000000222200660000003355000060002202205333055000000000000000
2000000000440000000000001100000031000100500003330000060000000305550660056220005560005005000000000030
0006600000344055000000000440000031000100500000030002200002200300556665650000005500110001100006000000
5556003333333225500000000044000031030155500446000222200002200300000005660003000000110001111006040001
0556000033333355500000000050000000033100000446660222200000000330000305060003000000110551111056040220
0106000000333305550005555550500000000101114400660022200000003330000300063303330000111555111556550200
0111051100000000550000500033550000022001110000660000001110000030000300030350000000000055000506555000
0011550100555000000000000333300000022000200000000000102220000330003400033550000020000000333530055000
0110500000055000000000000003300000002033300000002330332220000000004400003200002220000060003330055000
0000500000444000000000000000000000000033600000003330330020006000004400002200000000000061100003333000
0066000000004400022000000000000033300660600000002000030000106000000400004000002220000661100000003005
0046000004444400222200000000300003330604660000002660300001106010000410004000002220000000100000203000
0040000024444400002200000003300003330604466040002000300055555110000440004066666100000000100200200000
0043000020500001100060000000000000000666406144000000600000005160000444404060401100000000222202200100
0333300025530001112265500000000000005014406000000006600000555322222440440660430000100000202220000100
0000000025533002254065540000055500006611200066440066600000555022200000440004434111100000022020001150
0000000022003005554000040000000500000602200060440000000000055022000000020006446040000000000000011000
4444600012212205004000046600005500000202200660000000000000000022000002220000666040000000000000050003
0444666011110055000000041410000000022200006600000000000000000000000000020440000046660602000000055000
4444000011100555004400004310000000022000003300055500000000000000000000022240000044666622000000000000
0000000000000555000000033300002222000000003333550000000000000000000000033223300000000020000000000000
0444455000000000000000000000422040000000000330000000000000300000330000444233330000001100000330000000
0004455500000000000004000620222044440511000000000000000003350044033100400203330444501100000302200000
0000440500000000050004400224400000045511000000000000500666355044401130440003000004451500000002000000
0000445500000000050004400000000000005501000000600000500666335540006030544000000004445500000666600000
0060040330000000055000000044500000005501440001616660000000005144066350540111100055442200000603110000
0666603330000000555001100502555000000011444001140000220000030110060350544441100555402200000603311010
0000600000000000000055110502200000000222004000040330200000031110000300444441100004442200000000301000
0000600332000000005015110500200000000202222200000333220000333116660000004441111000132000022000333220
0000000032220000555015000532200000000220022206666333302003333006660000044001111001130100022000060220
3000000330220005505520000330004000000000002006660333302222000000000000000555110001111100000000060200
0000000020000000005255500330004040000000000006660333311000000006000000005550000000200000000000000220
0000000020055550001550600030004445555000000000366666011106444466000000000055500002200660005500000000
0000000022550050111000644000010001555600000000360003004441664400000000000051500002003561000544000000
0000002222200551111006600000010011666600030000360003044001100000110006004411100022033661003334000110
0000110222200000000006600000011010000000030000660003000500111200110006642115555500000030000334001110
1111100002211110000000601100000011000000330000000000000520110200005500644005550000550330000000000000
0000050002010110000000611110000002000000000000066660001220153000000556644225000000650000000001110000
4000550005010000205000000033223002241000000000006064411000033011100006001111002200662000000011110000
0000555505110002255002200033220000041100000003336660400004043011100066000000000220002242200000000000
1110000550600002255555200000000000020110000000330614403004443000000005000000002202002550200000000000
0110000550600666220655000440000000033120000000000112333000663666001155000000442222020002660000000000
0000000550600066666600000040000003322620000000000112000006666666601110000004400220022200000000000000
0000000000600666000000000040000060666600000000050110000000033606661110000004400222202202000000055550
0000000030000606300000000043300460066000000005550000000000000005066000100000000322000262000000000040
0555006633000600300000000000324200000000000022250000000000000055500000100000000302000650020000000000
0050006603000000300000000000024220044000000000250000000000000160500555511100003330000550220000000000
0055000666000000000000000000006600040000000000055011000000010160000055511100000000000552220016600000
0055400466400000000000000000044611460000000000000011000001110110000555500111000000000000020111100000
0000444444400000000000000004400001160000000000000114000011110116000000660001100000020006000311111000
0000044000000330003000000003300000000000100000000044000000010066000000060000000000022206660000001100
0000000000000330033060000004444200000000100000000440000000010066000000060044400000002206660002110100
0000000000000330333060660004404200000000110003000000000000000063300000060040000000010000060022111100
0000444000000000223361100004444055050000000033000050000000000016600000066040000000011111662221100200
0000444000000020000011100000000055540000000000000550033333000110600000050010000000006616600020000200
0000500000000020000000000000000444440006011000000500000000003062200004450110000000000660000620000220
0005500000066000011000000000000444060066011011000000005511333062200004400005550000111000000600000220
0005500011066330111100000000000000660006606601100004405111000011000000000000056600000000006600000200
3004001111666330150100000000000000000006666000001004400001000001000000000000000600000000006000000205
0042000006163335550550000000000000000665550005001000660000000000000000000000020000033000006000003000
0002000000100335000055550003000000000660355052111000660000000000000020000000020010033000006000003300
0022200000220000000055550003000006000003355225000600000000000000042220000000332210330000006000000000
6550200044425000000000520033000066600003000455006600000440002200112004400000330211060000066000000000
0055220446425200000000020000000000444003330455000000550445552200112004030300000001060004000000120004
0000020666022200000000022220006600444550004455000055510005500000000200233333300001164044400000120000
6660066600600000000000222222000000044550300530000000010000500300002222203300300001104444400000200001
1330000666600000000000002000000555504333300030000000000000003330002021000330000001104440000002200000
0033330000000000444000002226000555544000000030033000222000033330112111000033000441400200000022202200
0000000000660000044000000026000000000000033110333002200000444000111111333033000044222200000022200200
0000001000060000200000000000005000000000033010260000000200004000110300000010000000000000050020000000
4000000000000000000000000001000000000000000000000005006000000005003000020400000000002600000000000602
